-239875003
-2013026110
-1475139165
626589714
-390542291
-909659042
-1516570072
-420239335
-701026774
-74293822
843314472
1104154192
-106062050
315744442
-1445115269
676735922
-1435848014
-1712544301
-1550343012
1789916622
2069536666
1286570837
339871883
436964061
-331482084
-72705681
-1566945291
-1916040426
1089552082
537083316
-668425839
324219713
-1817901139
-155932218
-22049844
-1243542390
1449358654
60842320
1051764135
1875133847
-1421931984
-848657607
-2128619040
-697956132
1967908632
976058901
-1688354737
-530488275
-11772815
-1512849441
-80500333
-2055629420
201726177
-56776475
-686669587
-2065182364
398817217
1917086211
1870522475
-998845042
1189655516
-410333677
799159112
997449266
-1163591051
2015317667
381166226
-857616519
-673981810
-1195736087
1350633485
2111088801
62319719
-861921293
-355323049
346592345
-863662780
156756258
927714636
-181851570
-1216439437
1926719448
1427604907
1643296261
-1603920243
-122930320
758249209
-1516202261
-687462405
1094863470
-1769216859
-738652759
-625035332
-1436532233
2088679276
897059517
-1566004892
1487411331
-2082350081
1000329798
-158601881
311461840
1875175394
1536133406
707367575
-1054363111
950839446
-70451411
90072043
-918657401
-1771077382
-214938884
1084956289
-1247889176
2008004845
-290125176
2063303653
-2048401250
1085842232
-1948361384
727043219
1087673049
-2006073941
2056776657
-743424326
1934642184
-1555484795
-1924165687
-1446843070
320027788
-2074523112
363360857
1401414416
-1027355474
419622829
820097783
125582984
-501748781
810091684
-166204477
-254213805
-983589138
-2018029857
-1557518560
-1105029023
948273717
-1324259487
-1870652794
-1730518991
1495872022
46965297
-1720141163
-804411056
1430441836
-1536814972
-735740818
1630667038
-1493298450
1695809818
-2006460354
1802945239
-1636916249
1768202984
-909385445
-441436975
94807595
-1051611658
1909720594
-1769949694
919843657
-1368705398
1461145728
94945221
1435874045
926551686
-237718624
-1666269219
2013677288
-1407428338
1840464229
1889275577
1344191874
-253414291
-879732598
-1231256071
1855307855
-810377672
-625336346
-165512399
338506064
-889522764
-1207573756
-318168341
-117707844
-117063564
1075258355
1498128370
-1312400401
1880724806
-1574603175
-2004401459
-718003550
-622636720
2128377806
2078522761
-1797245092
2117663605
-858621594
2003062716
-1138475480
2124216828
-20468081
307310277
2002191496
-1559462285
-1733757666
-208097704
-1522443863
1710115793
-865170781
-1258558151
-250890793
2057648858
-1063238908
1523780167
1880778035
1218191559
2093880393
275850683
-730519134
1641479205
-303756364
-1695501646
2092075016
-177239043
573964308
699718888
1160656053
1545712948
1954846042
-847968571
785732383
1886280245
1674208620
678667165
-582320943
-1558083380
-473734599
-1663962572
-204553309
41099861
-166345460
-586785921
1165763371
1942446613
-700899547
-694978127
623973747
-1870207513
1214603141
1148849013
1532247787
870063386
386654729
499144567
244475297
1000227225
938073018
-1592933336
1613244335
412106572
-1025197981
151103426
1869358323
-73650754
-19514014
1507366026
-1301966843
219824128
-2072541757
409183572
226908773
-1564717364
1660365706
-1198944692
1113550836
-1230675732
1840788047
-691964430
1335408037
2026296796
1551664912
-931931546
1256046452
420681390
941041986
724436709
1661694358
1739583789
183456041
240704915
-721813263
-1907293883
-413194391
1458305402
587335374
-2054894430
-745676324
-1935512366
907189196
2017817750
-468821596
1556520834
-770068969
-1580719553
-242717052
-1946218010
98502362
1402245352
-1555772565
-1763833901
-1148865807
1587567279
-1781014447
-325951529
32424675
-1749030040
-610130618
272112325
-76311025
1215905217
-240583992
1479235439
-216193756
526567078
397196116
-811022667
31522774
1358639846
731238975
-1976378434
-255594034
-1450386666
798747589
-1578943355
-565345567
209326517
1294439010
105133719
1287046788
1669181329
-710947488
415644698
99757695
322798184
-1420127055
44150033
173102305
1346535889
-385864194
1714778333
292090163
-230363556
706660095
-580602
35810544
-772227336
-1246961395
1896996411
-504509645
694747285
942580
-2078485353
-1157769294
-1900606454
-1625727474
52648997
-1180446485
-822299081
1289023372
-1312026458
-1870724708
1767825006
-159535338
923083665
361233783
-1823473906
-369057385
58201946
-163154666
1289266289
-438915247
1567058679
-2097425108
146140679
1530394679
1136458143
-2038684419
377257410
1782552955
1765282516
1041356815
1190164917
-1475495836
-99184989
291538721
44663799
1367271013
-1836817878
554026076
992201933
921514603
-422479782
318144200
-1664244985
266369910
1210438398
1351264513
934487722
1977145451
-714590212
-888137943
1516241359
213330215
-1198788903
467191840
-1582740534
989144279
12472962
-1287123470
-1232078195
-1256228474
842349384
-1163572847
-342981042
1276760311
-2132048596
900869571
-626351256
1037946548
1554593372
-294797987
1741567614
1776507750
-1098315267
1447852209
-1653020954
2121388391
-754621653
264334916
-552733885
-1879122283
-1280119747
2021335748
-367514509
-1195823255
-110139827
-1150122952
1092106924
-643156153
-684757770
-1994826631
1829736673
1908124183
-16895393
651753184
960279146
-1633518829
-361859208
-1662456512
-1130123549
-1183157022
-571718525
496062486
-381159341
-369443098
-2024593962
-2106941954
262862736
1625088977
-735776546
-832487831
-1871379742
1637166462
922309991
-580291699
-60515610
-1508611586
1048493849
-668207204
1845105077
305688048
250170181
566409528
-1491861435
-787355628
-113977631
2065722149
-1055707634
1501256226
1315662033
708107072
1046662896
317082328
1752267880
1837843631
1655454547
1409353041
971894829
926880089
-1580497264
-1138198115
335256801
-1762214248
386701199
-876670323
2125387968
-648292051
-1802590288
-2017815346
1364814599
-545110924
1613122542
-1622648008
-1122257994
-1457504040
-302748606
1216906344
-805696617
1419502984
1265290564
5629323
1956225150
-1224081046
-841150440
-1038494084
-80195119
528848719
1883720839
-1257755887
1873236298
1275488616
-85874324
-720310862
239635451
760236025
380278609
-1130713302
-74768494
-352577716
898077016
1911652289
1717788638
-214515481
1194756191
1434707338
-1426116463
-2099149824
2051562591
-171416584
398440263
1837259056
1493108756
1748723895
529377735
1747606887
-495951133
-1383157319
170769543
1382250528
1794678007
-954171250
1502541173
-74075947
303421868
1046621944
-362486028
1969743796
427330608
-1992623938
1526470436
-609819247
-408257945
-1712517440
223811430
-2089224418
-1435989489
47204171
2106003486
492013402
1877589028
-141099090
-82131781
-1836356281
-586155386
-2079915251
-1196731405
1336926431
-148530216
72977012
-1220659117
2070629192
-2070625878
319990318
950553846
-39557562
1865675993
475119703
76929684
-1756537104
378905653
-861816656
328724670
-134877274
1199466853
-362202702
-757624985
1175496002
1635792903
1921519333
-1642896218
-248855668
1123474203
1001415793
-1131076935
-1789297421
-1333500767
-169891851
-585649588
-602508934
-839748737
759440023
-60308229
2079369456
-1119390808
1998168155
-685994987
219577443
-735232901
483965112
-2007066717
1611670230
-239554200
1270451304
311370152
1430902065
494422233
-314307457
318917033
176668024
-1498833586
380968639
1680016495
776807744
-975934262
1101083434
-1988115445
-1142712483
1040951917
-441311529
1269505049
-1807357728
2080081506
1256673289
1187767881
-738304704
838176762
-1835225219
-2106807525
1531337174
-811968999
-1525824766
-1680715031
1604934798
1943153104
1582294351
169763626
-1537988133
-21174453
-1978161392
2097236980
-346790421
-1051006739
-699749055
362946
-1784935140
1613727929
1386258623
499425143
752844717
-415247373
-1666514148
-1276957534
-1600383816
-1093249786
-725287758
46244867
1912629343
1134499752
-1763084294
111371854
1884215622
-1203942597
-1283514850
-1679407826
1139140928
1018046326
1561266380
-520047988
279016780
1994585924
433339724
-946003952
1543698626
-902402580
-2141240108
-1500687641
-4304951
-285234575
-1368754661
-1195855929
-651449077
-1563980485
1706083371
-439041232
-1594444116
449528822
-983423365
-1729656333
-1620181385
398536633
-51515844
713506295
-128628390
-1853650581
-141779725
-373052614
-263169516
764831842
-1804070841
-1025421034
-1390202068
984944460
1331304219
382653381
-1805646812
132948818
1684456415
2109833767
283784686
-846679686
756617251
-487722046
1647921823
1400383052
853386605
-484572407
1337820258
1108843448
-580853941
1547020256
-1972140114
-239591114
-1611507030
751597151
-36475717
1493688879
-1648253335
-921057834
-753208271
-856404325
1021110569
1372439568
-306588894
-470570518
1964216422
-1840121636
-660452806
1696474151
-1888723765
-896533048
-1716552651
-2023956133
-704684095
-2063241681
2104899472
1484231471
-2013675960
1356354422
1911302019
1160743124
2073709834
-384855662
-325279699
-450799321
-1118611027
-1035528244
283212305
1024756495
1362048360
-814753336
-150359872
586342441
-145074984
2024264899
-1380009768
-1239997017
2140084500
-1388927717
513065260
2134749045
776771070
-545296364
616649540
-1285627492
-343741988
-813619752
1421281031
-698455061
703920678
-896901185
-1810088522
201333715
-1975998047
1968594641
1316886556
1631414418
1497095084
354217608
-612361213
1009065364
-238692135
1685532633
1381776618
-1893677291
1339156671
1586991221
1133394932
-334379766
1964586253
-1636601269
-1883204830
-831379391
-1796257310
1281443665
834691012
2009316807
-336214180
1939219844
1671495724
962194569
325130351
-1776675027
344938661
-1741600451
13714167
-1854231708
1751118755
357696642
-2007030513
1157073625
-1562218181
-1385654459
2142221219
-748874542
-759694891
387076455
-1008464317
-75675537
554805279
252817052
-1437172678
-1971880395
1754734148
1719178646
1786881759
-821840439
-1660634531
924116321
124822826
-1392608261
1377050151
1884157200
770419849
952020230
-96928266
-1872238183
2071886580
-628189419
535259881
-1374943747
515034686
-399097591
901254239
843274667
-1146454866
1830607225
-1508770647
-1375506138
-823524658
-849112582
-2125906688
-700257051
1407031938
-574854497
-1264847687
-796515719
2058366811
-2065452605
-1268256841
-432919563
-1968389075
-1664402427
1268060192
1626802569
1356340702
1827838099
415803218
-1803044496
1727645569
492291499
-1564415464
-337548788
1126744994
236988767
-948505576
-1865340338
-60719389
1003606680
1083772560
-176571301
2062538695
787564124
-1563021759
261189228
-321826867
1482186067
1737415850
2116689397
-1411335744
-572590713
2031026297
-1957443319
-1092748979
1966505066
1404516670
353128956
75081685
-110783203
28557921
-621455031
1102426756
1784766191
508170582
-1837936202
1751729570
1108746275
950379278
-144231755
-1194878679
-955688715
-1616925520
-152670963
-156339562
-824474913
260350856
292226489
-226856956
1250951192
1402327103
1429207824
-1704169355
-807010468
-1909169843
1712085029
-1098076813
-160081934
394703018
543267440
-1968350761
-387014165
1111470283
-1764209235
1912068584
-1693577561
-1808026420
-1326448124
713877671
264553885
1277495273
689307753
1198603880
1762969946
1233520690
1447584069
-1333424988
-933779255
1893054591
897673557
1960960781
-2107080523
2087124384
-729722670
1490670051
-877784692
1425144537
1078646994
-1083187834
-1131811482
-1141751411
-1073130770
-1403775157
-1552022972
1854654520
-1487077597
821227410
-945159012
1280564386
-1015749635
-1848208105
-2007597547
1232766289
321619185
1391359368
-1252293490
-1968961986
2110659339
1987425112
-594715292
1904835788
-594791480
-60119853
1782157556
1198704373
1376246340
-719933327
-228380066
-1257559610
1750904472
1363614318
-569024628
691366668
846630781
-875784295
1745829234
2040222287
267827764
182499692
779941014
1660929279
762348714
980256604
1218802131
-1944456723
1270158806
-2094737038
1873604441
1865629692
1115144294
454707227
1292405239
740881432
2064311193
1147913531
-666933604
151896677
-779127186
1655845511
207236122
313966267
-739270402
297044243
1546245421
1396858962
-929101786
-1133681110
-1483006276
-631272263
-1180586136
1947996509
198973022
-184164851
-1929079534
-518565922
-2140304097
2142214246
-117347168
-609642226
-1802341758
-96927084
-2118575266
530808915
-685024310
-1500506614
788978513
1254778927
254589813
1855633946
-190306217
-367603058
-1060991736
-244777374
-334242931
1427563102
-484673262
-13891450
807213296
-553721244
-1056328342
-37639905
-47910074
-214244019
-482597446
1747962866
1734863422
-722349309
2055110721
-1989527708
-1574787370
1327200066
-224298285
426790701
941332988
-489659030
1352680485
-629682612
1591042424
882099606
1874644295
1169468474
-2088233208
1019502316
-1906792591
-1013079711
-2109870644
1147368246
1549236737
-2054160689
1985069540
53821362
-1641786172
-2052272858
1985248855
1613248293
-1186766220
1358194391
-1370981066
-835892939
636338049
1581580687
1752188416
125618936
-724731629
-701244688
-1864348088
-722938681
1691088976
-889193340
-522608491
-2020136616
1531272666
542690030
250449288
243923467
85430683
1738658914
1850264388
-268428156
-785642812
302027350
1149675273
-1909815943
-1316514798
-719842695
-1605161694
-1203888948
-1092906926
1965144804
-1641190655
-1446625572
541623079
1179753871
705245096
-477266153
1035592203
1130893061
1856106057
817332179
-213945965
658076763
742827824
956298078
-951536906
1443920990
721484512
331356755
-1058331185
-782354421
1433914236
-677555409
514089505
-546388413
-720367511
1708691235
-711635300
1762690751
-1160462288
123715627
-314312930
1804011584
1977152680
-1975544738
-1060780165
-855497205
223718739
-1457188217
873213569
-1469773676
-319368184
-1182536715
-1893077706
-105906823
316762066
284137359
34051683
-501523791
-1019809256
-998077909
-1520303531
1629544709
444115453
1729110047
-95044894
-241937986
560917001
563285015
-1939430486
2126719903
2019548168
-434938072
321086110
1486799637
-2035646670
-581140955
-1535619898
1584605612
-175543157
1821153329
-1614947522
1759549637
1527971213
-32738667
-1614091135
-453749882
-2084390653
-484991533
672355817
-1634126831
120728119
1156212731
-631273098
1734825975
1986365007
-399761348
-936225842
-883056658
-915225613
-8290371
549320324
-2037975358
-175109837
211569581
-761650532
1211667337
503354280
-958757736
998283086
1370860314
1613070040
-1395083524
946759946
702039231
795479262
-1602207460
-1578879812
1831216681
-686205622
475243027
-891305136
1555303076
1889893958
-230152661
164487544
1437112715
986113017
1771930735
-1050972244
-1571565571
861655599
521748862
670625394
-471412272
2035790905
2064968610
273943263
-1541188155
-946151663
1881900064
-683741347
-535224067
729438658
-1522292271
78994605
-1283766868
1951483910
595155185
170643247
-830596853
585882416
625169462
1213543521
1506415763
1647701324
358452004
1582298277
471799399
-1131042172
448991647
-336374458
-1895385839
1694297284
-2137555775
-452823364
2058066545
2118266273
-1232553747
1402630959
1205279217
1761358454
-1120948956
-1182441159
-1988790787
-970336560
1401372566
-361480464
269781170
765565195
-1141469316
1220413731
-522730539
416992572
434403364
1398964962
-1852326906
-547579311
966242637
-1024233149
882029364
-398645897
-1668800332
1676627811
980866643
366841787
1232810222
205831851
-1998183860
-2068469261
-1693564552
-1754908844
-1323359179
-1244888353
-437287924
-1530282708
1702168769
1202271114
-1288250571
-802644839
1744088826
928615926
-1470788059
1838117854
-2009353683
-320695817
1445782982
764349597
1835114276
-582431649
-1454831858
-471676516
-635254630
2124219483
-952197481
1961471179
-2004914453
2052840220
-838913682
1755003269
1308176139
775242169
1122051882
208779030
-842797896
2101012819
1968562496
1834456957
-505500685
-238874247
-1374063722
-818018702
442240427
490690766
-1941122475
-304159575
845767611
-987925527
1470400771
294433624
1344180247
-1396576644
-1897705776
1880568823
-300932287
-83141961
1702431791
83083334
-1086296576
1204720366
-543939160
-515596652
-22840748
564326776
-2105794580
1279972925
-432726108
1348444890
753529129
193087603
1843373625
-1692830171
1099142047
-144699071
-1822118417
1803734940
1374006643
178746573
-513717207
847618457
1946116547
1321852125
2141295877
-49705040
993107706
470461083
159843280
-1571381228
1675918948
-798498660
-1417120068
1906777913
-530937596
1624566046
-2046185008
948017595
2041771429
2103770257
624139551
27136126
1300837422
-1361646504
-1839877572
-2102932715
1488017978
583816656
1592544492
-127964057
259409128
1477607824
1122947869
850865551
-457735186
-1778158862
-356259817
-138583292
278028788
-446043182
1013522161
986165241
-165503457
-155490155
1111416901
529763334
463252203
489117805
-1816103130
1966538504
-1177778627
-399829542
1014724946
2097592132
-987660616
1380868979
-149356892
205839826
-601851313
1537503462
-125936693
-1497477832
1922798106
-437670852
1429361728
984747604
-1482221715
-153689247
1284437877
-172408961
-1825483226
398883299
-115892918
-316421649
816031815
1481684730
1053668804
1554024797
-481775932
-1068470329
1993760768
1112394215
-2137209956
2098303456
-1502741403
2042183735
-1049954003
1367298572
-716820968
-433791005
1978284740
1379926858
-667025484
567817238
808673907
-1995908584
405479226
-895738256
-1264429017
240394225
744908102
1291395115
507612665
-1840735466
-1388504188
-827420290
-1753190972
1162423953
1049343585
-10785979
-227898377
-225446282
1172174341
2058847969
-2002865237
-878156692
79405695
-2075756452
664936439
2127569003
1451775810
391866065
-1961003389
1686024646
1020269007
299337482
-111782053
-976210836
-868124749
176364650
135370245
-426795414
993134516
-1216666611
-1103663147
-832480845
-2020103609
-1809052115
575951742
-44616157
-651799228
1257515463
-1801056788
-985466943
-738740516
-1156667778
-301043631
-357759676
470686666
-502116162
1900135294
984152792
1633879240
2002611236
-367485837
-1239800543
843390788
1232752668
1968301624
-610916225
1037079891
-266425653
42677486
120871060
-1920472859
-752775633
-1341999584
662471682
-356331974
-303912059
890720862
-2138032007
906738068
-916496150
313578508
2127938288
-220457938
2077785413
-1459411081
-786665423
-323859348
-843719069
1841104936
195416475
1383871827
243486051
-1377587331
-638055901
1443064122
1823751507
-1063102348
1897490331
-1649368127
1838305307
-1653756726
924175415
852903682
982828441
88633156
-474829749
218202119
211630349
234354507
826188889
-1630224773
-562540361
-473148994
1203104587
-2115669085
1959216062
478747395
-1606081284
1749175438
-1939776940
1765369439
935876860
585522059
-544551914
-695581048
-1938026092
-676272934
-1873764168
-252916873
1643308807
1723908775
690976481
-193361535
1858206491
-1450339277
-1222290093
-308478552
2105223383
1158163540
-810751410
674587438
-961287027
-1901137121
-1809654474
608161387
943999002
-904253726
-923003277
985374944
1591289707
1146054744
-599907944
944286347
-559281852
2070568471
-1709634106
376802428
-19271620
924662605
1385459794
502870183
755490827
-797899349
1043819941
-1536464132
2081647368
-1337297248
195947620
616437684
-1369566228
-2084129846
468408016
335104750
286951387
-1094280535
527273582
-791517831
1204221093
-1489595499
2085156329
-1109449997
-1526726840
1779179505
1003533623
-1465715438
346955449
886151073
-1237541893
1422278721
862412515
1059834296
-320846294
1873562990
-2080649233
1313633398
-2036504848
2123760930
-691853882
-201340815
-663396908
97306577
-1163506733
2066901777
-608404966
1127348083
239595789
-1347376064
-1632399256
1195705939
-1671737292
-38345886
-1317878101
-159703258
-1184319398
-2097797245
-1973765573
-689915298
2134088100
-986720561
2028954684
1689171136
-353494447
-1111645882
-1101897657
-1325286605
2074245115
-1669133649
-305628854
293347291
637188381
455120845
403742892
-1014535066
2115203797
-233825584
672183220
1265386917
-812734742
802476814
-1866550485
-1949535138
-1142424049
-35564558
829641023
-1368119456
-1621368216
578840372
-2126710359
-382418218
-238600626
439180874
1637398546
1909248224
-1560419505
2023458590
-815226702
-402266273
-579740296
-646727680
1280679738
-2039834864
-152684843
-1379260707
-1253781516
1166260188
-1182011592
-994181199
442943271
481142381
-1332728775
1591176761
-2065077569
-745847036
504292734
-1278210323
-1145355731
-1591352951
-1781690052
213711661
-2040962932
-1356453149
-1940548355
1615914170
-2138092284
-1585180791
624852643
-547359641
-828207757
1926239065
435440044
741761039
1289336649
1410489000
608580791
1525541833
-1175901517
711504025
567208774
318622298
-942810117
-1387389262
1594820548
-1375498005
-2076127442
-737416788
-1625345590
1685795323
-1619777026
142411657
-2022744931
436679574
1467285482
-1505074452
-631444997
927569094
916143259
1767341988
667006230
-94300598
102977681
696013961
1547323872
2015746693
-643595266
1176661643
1862388873
444305593
-1765207054
1864937735
-1356442299
448700276
-454591049
-1697495204
868271186
1572143690
-1280926594
1471847358
1409765945
935513795
499285306
-1089378487
-339582893
934122647
244976843
-469815463
1931431310
-751235816
-579337121
440648728
2119521137
379244015
-900483051
86348888
1045213021
-1654000886
-1820480542
1507977890
-944202732
-1400179755
75895480
993748878
-1374101633
1072109479
-1830183964
1069894996
1545597099
-138265218
-1359793481
-1755352925
1061616148
-1351030033
352818280
2000675505
-1725350874
94099031
-8789960
1680124050
-1697344512
-1963106218
-648641065
555291597
1557473914
-1365725058
-511429114
-874541012
-1633775767
-964597434
-781141635
-271975724
-917191391
-175757500
-42348018
1373099668
287047739
-1054916709
-710899191
-1097666175
1430134679
1189507505
488084962
-661106750
1726029988
1802207269
1965272081
-2025558105
133829598
-1861950208
-305203399
1020738304
1692161432
1400575273
-1822488948
2077571500
712838907
274728734
1687085165
1102109039
377439054
1120661729
-1450894506
-769663223
-459477641
-1219268305
1352147195
-1473358717
-2092568128
-1717921801
846266287
-2124314421
932571102
1261142538
-46174713
-783092605
-884080337
-1167164402
-55057220
-900458475
-2037346493
-1408442184
482276053
925476618
-688918882
-1478023623
-583847931
-469920612
1715132858
1079627512
-1736871599
1586288009
-1853069230
1846817154
-2105203723
-1869681879
-1127858467
662653886
1297150600
-1599960126
-1140870568
266474853
-128313250
-1360266213
1406985288
-1420556880
754124589
1346825806
-1083368705
2019934290
-1083686158
381090274
-564143587
1651711400
-1220765675
1289683225
-1923842215
1594950190
1030754251
771299205
469788545
-1724073675
1092044475
156089825
-2044469313
622446290
-1363211805
-1329428707
889612061
-496605927
141712829
1795521210
-1816722358
1906188427
-1325968483
341559384
-1596607586
591742924
-1489415844
-1435524980
561459547
-1185996136
-182603973
-924694793
-368794571
188490744
292147200
-1960529517
1611459603
-307459152
-1523574939
1567246672
1796577559
-1460196613
-324312398
-676421665
1322634972
1192968313
-1882789976
872427212
-1356490754
-1151361176
-1173709407
164590546
1502637534
2086704658
981636340
69402218
2049046694
1869694854
-54927202
1837515429
-185578614
-1051956086
-1840777698
-476953285
-1672011439
2002497487
1123657631
-632523550
-1995711213
-1784931994
244128860
-292993820
-1653976252
-895926926
-1198888129
1397054699
618045168
-1000332769
-1019692085
-238980577
-82802872
-370798382
-1270214340
2086280562
-367445668
-210843998
181806061
-1445575878
806640169
893433861
-2065765128
-679747585
-577129258
-911385650
689948707
1155813014
-126023366
-1117867690
-1701687302
713448302
-882524511
37385721
-2078123977
-729958103
1340636880
-46219836
247245418
1132243566
997260613
-1178410132
-663066411
1196291324
2003463874
331547521
1936014232
-1910869501
117011724
-494176542
460237837
1392955310
-394099984
1753022579
-940092811
-1829545980
-77333370
318349837
-1813464621
1886441712
2063308729
571821238
1781472792
-2053453411
461553926
-777723887
294545535
-1397167865
734398595
2012818711
-593490374
2089685455
2088229666
423292935
259896654
-1672122546
-484504522
-1271401061
1182188474
-891633685
1873146678
230743932
-26395425
756838577
1352081857
-1380303882
-1571253989
951803419
-1486817822
-1006967569
-399293514
1852132914
1942588564
-1640179179
-1400730879
-2052818983
1213257864
-1962603946
485838524
-1487951001
-1328094939
2058993813
-1031133000
-1283723146
1706585551
1600563097
-1602073667
1015655674
1609867627
1613273417
291599533
401910164
991054371
237677846
-1667675672
-131102936
-1616647834
968964535
-1602171662
373848492
-1850361806
365346332
857653843
1067342915
-782161003
-2127960676
56112062
-1328909686
628473200
-2116347024
-1451069323
-1537971408
-1864434306
-600088220
-1133891605
-687114292
-2022953324
-703242805
215464618
104369642
639497257
1732564146
-1481491081
1921721702
-228404199
-1681915815
476228275
786630653
1794347173
-1376158498
339267075
-1188100576
-1064526146
1288223547
2124117555
1723966731
-590201726
-1334694030
-1896425129
972691990
-1233064954
642231814
48928563
103884619
467949142
-722686803
-1016398372
1841212727
598399673
-472819134
-123767650
1843791365
1758219833
1379058176
1082274080
1388608968
-325144735
-2078446099
1910741702
591297559
-895757752
1909669011
1656094806
-1080216866
-267958066
-20161035
-1616084003
106423923
1725172517
76983233
511860947
-1499389209
-618814317
1112920257
1374548093
-1191087458
1031858293
-2032536681
-392884078
2026793506
1859941254
-395716439
227463201
1457921331
-339640991
-1111969959
-2091350351
872698146
1801567812
-833683847
400734633
-1870135202
1330605334
154231806
196899826
1842676559
-751789654
638000115
1302983642
333902434
-438868155
1118667439
962450235
-647522972
-62592163
-1538980279
-1713762852
-286493676
-1959480157
-1030276276
1752205846
1545886706
-248824253
645728423
1722877882
1089924957
-907947158
317136615
-1374906062
-1037725220
-124868856
-1952829785
1909787365
572409275
1227891671
-405564858
-373236512
-2002366759
-1242646374
-2128453926
42119858
537636544
85501098
856428645
-2121441898
32099830
980388014
-1244445370
-1626610473
293529234
-474497111
-1993720590
933703792
1263862801
-1997159367
973213155
86587890
1255844970
-322558436
-1673345328
1403512746
733251167
-2063543305
-716706019
1457518082
1867682069
-543113902
1103108756
722113319
-186072858
-716569
-1069185963
603885804
865342838
615619355
1425073419
-283619091
-244155132
-1664612148
-2138638240
913428215
1745164546
525079117
-889952846
-2002358873
-1147553818
-1908354386
-1680670714
-839620272
-1980655550
-1253191872
2012123452
877139234
422103314
-935431337
2003739780
1171998343
-331170988
2048328785
1487799312
-2083155248
-1678386978
414601687
-14688757
-167754992
1100559467
1252763234
-1355954999
1684742728
1421125366
-1050887167
-1627849153
2114816452
-219877813
1359984984
-476260684
-901689404
1523228890
-1758889237
-1305023816
-1867809699
919866061
1429253276
-422208427
-1375672159
-920696739
1630173042
-927193212
-1034736643
1337143649
-101857381
-965801502
427064290
354609703
743861940
200454563
-708353624
-1365693049
85042758
1037150150
465136302
1384490036
-1907247469
-1692489334
2121676485
-67642027
424592787
1392141600
-1621980978
190364756
1565987385
-294924895
-1757069919
787247092
1502683130
2027240001
1186876720
-778811735
934712975
792708293
1519008236
-303500253
1161222648
1146723122
-1502440858
-1808065493
1369218756
-73713466
1043491129
1821456051
-1123942769
2094185004
1835001640
261562663
1678954700
965984490
-1252369534
-605753079
-1999287356
855480861
1331588813
1699208124
1148006878
1999674472
1054366627
1259423647
-426897632
-1780027094
-819572266
102586973
-1617605899
-768328466
-696555558
-2004641662
-1567813072
1873992487
1471528548
-1661375918
-1864016559
-1969446628
352369230
739744213
-88041722
-1883743199
1866889405
-1758388682
1350936307
837058311
151118213
1954203725
356607157
-358960427
808778699
1009296506
25016100
-531677513
425552107
186590644
601154520
-464880842
-1636095588
52653537
-1142172946
-120994647
266080594
324487015
1709591308
186163434
-492794909
-75324414
1276406177
-886436787
-1055614611
578139352
449370993
-2042289714
-314432394
-1460932662
-1019504304
-740846967
-1529866669
-536242676
508898605
-1649172370
-2003579442
-1441624073
-478493870
1864798260
410049538
378712605
1513327593
196069006
1736256394
-568541283
-1543229247
-1779432292
-216140326
-297353799
1852138322
1022064548
1412705004
-2116064091
-2021210370
-1607430143
-1984614626
-457049695
-203441255
1042338650
980882266
-345358775
1118030891
431496727
1053141879
-709025493
-2075605516
-637401071
1808279262
530443162
1017691055
1815371912
1091899248
304261313
1110079770
1432417625
642568871
2059854330
-922801482
-2128602768
695286011
337464416
-181649973
1253613178
422735750
175520674
-1811628881
-2057226785
-1093629974
-671486438
-299521210
1635937519
1538953842
68355613
-1573050420
-1482704805
1174582903
1123468436
-820227119
16859878
240184580
-119678773
1829783941
27226971
1752449468
1247402377
58630453
-1452515903
-1488142852
90225503
478563093
-601451571
-339320260
-1100425147
757973311
1369704599
-1086336582
1065704546
-1716267525
607845264
708678745
-1239667670
187212353
47849139
183833285
332109742
969431163
935357435
2051584219
-1717080274
1726611342
-287810028
327199304
391793907
233855515
650215509
2040698223
-1288624037
1707834881
1758366188
654553232
300189237
2021515302
636319834
2127584549
-28059058
872405111
2077383970
-284856945
-1482887604
-2079792596
907334332
1241393394
-1472044615
1593187408
1434143952
327428444
414291810
-1652961664
-206653536
1820096556
1403626466
1563948530
1581521605
1411353777
17437049
-1104142663
414266141
-1000337135
-1129738975
-1307243194
-1533265917
-1963028116
-532557597
-944309199
2051424193
-670664384
-897622170
-743607751
852686658
525533966
1998120136
-826674039
858235147
-746521027
1975210160
2049775933
54955884
-2019782849
-1261109853
1462484515
984321522
1747471858
723220887
1196058565
-1988039137
-1643289016
72139717
265358503
-540267684
-723869911
2087064515
-983969588
841767470
-1280152681
1167556049
1872852351
2125715112
-341415405
31262834
-1786216113
-821434848
-2126449089
-1499789506
-1280285606
1318600741
-1855292
1210371830
1158683854
-1621904721
1319903605
-638445863
546316204
1424905624
1174263732
-2017944779
-1451914801
-2009792181
-320623340
-521874112
375446829
1648426170
1416629823
-1404707800
-735785381
474093205
1734241818
-1167211673
2063459926
2083823032
599148326
-477558180
-1510212481
1142549732
-1521332439
-830148329
972737767
1065450929
557105420
-2071607692
-879284531
-1248086333
-1933844217
-634682518
509783908
-1813059268
-1487397126
-1590409308
1936692440
-363187855
-1684571362
1978764113
376147347
-2087112993
1936724188
-33678792
1595903931
-248068257
1441655804
233843726
93302015
638347673
-2147054590
2074357259
157146771
1246659254
1503050196
1198657978
-1514205832
1459493721
11899808
963130640
2055330560
-140324913
1657926396
1573140416
-1667568239
1605343108
448631118
-694988339
228771241
271060920
253464173
-186056864
-705863903
-784122509
1541291400
1135875547
-660331851
1847851702
-1243980730
1042781741
1758391235
-1920040206
-550234065
-2060595097
-1581177262
-2063215939
1087145545
263302287
-919844523
1664274115
-2044956410
-1577898828
1298739505
102917626
-2007785379
-1109820350
-878829955
-1324932327
-1453195210
-1165614953
2004835592
-1090657974
1510099210
429006549
231003935
1008506909
758386378
-308860166
2068781327
118321856
-99788288
-181128147
-1449490200
-1025005971
-257282252
1088283225
-2050500988
639286307
-1568495472
-171910913
-1234376761
-547864168
668370374
1040503624
1842464039
1471354221
1030182449
1142746457
-26129810
2028651171
1302896954
1422044906
-154296386
1934401357
1495249149
-419517671
2082782933
1593549447
19063595
1551550843
-778991470
-871684698
549626929
730303604
-1494602056
-1561852752
1336178841
-1057036088
678753776
-1907437042
-197478223
-2017164687
1385731092
-255520385
-1538661783
-11771214
-1019367766
-1133072816
374777217
-812745876
-370459218
1958224074
-760869405
408849327
-671099245
-276760854
-919900083
1770338708
403055500
-767970217
2035678514
-1989118647
1849887495
728972688
459939298
1864268140
-1988080775
1372406372
1194393576
709360797
-771846304
1790204839
-1685392718
1208182861
1235631493
-1325936606
-2078835849
191113436
-197228158
-20826933
535839573
1580624611
1692829827
-276865995
-1667087432
254335437
-1081848240
-2014492343
-714943230
-38063188
-442870134
205330742
1446282088
-2107521463
1446231604
285481125
-813052390
1337665917
-191098507
-485722063
-1087228762
1773587134
-375410277
-820489194
1765815966
-1503650308
-480372893
1151402791
-446879369
-1830058067
1485272439
549970181
-588642124
-69250010
695435063
-263387251
-627399613
-1174122451
202856379
-1414288494
-1624583898
-1670457653
-339940072
1325600972
-1767669675
1001023589
-1698806813
-502380273
815783906
1881087757
2007725811
-1373883713
-765400482
-546728939
-1872072855
-848532862
1300236411
1054018277
961255668
1068311608
267888882
1033958670
1543444049
-1220468953
-1673334106
-1781521506
386546193
1433676154
-1597770487
641808821
-904575074
716170988
1051851454
-1415498664
-899301249
581553856
-1597513088
917642116
-1520844326
-694250252
-217800127
-1136316282
-1057147334
-801213771
-1924245354
2121870729
219799442
170983957
-991260591
-589010320
1303346562
-699490053
1388616303
-1417938202
