417340
1130385
2599368
3179086
3957043
4304029
5638805
7475373
7503704
8036112
8199855
10002249
10608044
11579768
11964213
14040843
14647826
14779052
15489803
16112609
16612069
17126055
17600846
20017906
20668811
20877710
20918569
21061079
21836645
23211894
23228599
23384715
25232430
25985375
26446652
26967271
26986051
27069927
27273154
28578144
29639267
30526772
30600325
31655499
32178422
32618420
32787244
33672515
33952432
34029155
36262789
36468047
36600381
37093466
37386281
37536489
38370256
38449336
39823933
41198140
41519416
41567006
41725005
42416600
42587261
44441122
44496240
44683389
44872283
44974801
45490278
45849238
46060077
46074666
46145436
47495229
47852878
48061746
48268715
48565147
48838299
49615705
50980989
51157359
51580330
51774897
52141839
52428272
53174391
54047418
54509819
54748167
55287200
55384018
55826870
56248350
56702359
57109670
58030031
58152465
58170463
59571066
60878348
60911710
61031818
61297495
62174452
62697770
64386250
65481314
65748880
66437914
68648721
69213414
69535261
69781081
72527989
72709341
73175123
74161664
76957328
77455062
80113393
80213360
80494617
81730718
82625863
82638531
85206417
85441074
85551712
86962098
87212911
87365488
87995867
88263586
89048471
90092171
90409999
91454791
91786171
91826774
92735697
93162470
94286057
95009392
95114387
95966187
96489255
96569299
96931656
97127082
97570084
99878127
100033254
101139801
103822463
105168658
105845498
106213990
108514361
109114793
109821213
109874955
109938687
110065809
110101944
110347576
111560749
112301888
112946945
114922256
117220483
118170421
118234307
118723225
118891012
119336009
119760860
119790469
120239945
123660609
123727210
124147591
125883619
126030889
126502100
126726505
130028266
130188023
130522855
131527227
132689350
134757366
135072150
135883710
136186909
136704254
137202187
138423628
138719906
139338975
139684298
140375096
142297145
142539729
142617470
144009804
144715366
145065313
145797836
147109321
147388830
149368248
150366142
151190103
151728190
152021107
152091321
152619396
152847763
152997267
153146111
153187765
153380977
154939359
155299627
155376891
156369820
156515716
157076829
157561614
160326695
160461737
161017009
161337104
162075403
162813452
162838382
163441628
164177306
164732294
165130084
166773535
167070881
168938280
169508545
170217642
172765819
173138427
174404419
174791386
174943534
175219094
175504999
176155939
177277980
178186735
179446668
179657545
179664946
181051398
181649978
181871893
183180513
186595843
190959601
191548929
192450269
193261325
193330213
197042790
197854130
198898422
200067980
200558695
200740765
202796516
203204611
203362284
203506012
203898817
204759834
206077478
206120326
206376504
206463612
206789367
207557827
208201852
208487206
208642828
208855624
209916399
213137816
213155655
213277706
213897746
214290542
214405471
215460509
215974606
216071095
216567484
217550979
218025959
218275726
218852322
219316798
220561816
220917853
220997720
222298634
223637403
224705675
226266135
226273062
226298500
226606323
226666110
227035297
227141776
227534741
227822169
229122448
229346629
229406096
232409660
232923771
233357697
234303037
234889989
235420891
236111756
236171033
236570286
237283894
238055290
238822223
239208878
239616858
240200215
241032430
241082391
241301360
241932054
242405940
243889550
245638893
246499225
247099404
247698868
248140176
249426815
250436428
250462627
250683934
251348941
251670450
252038245
252044480
252380823
253405508
254484007
254592880
256480438
257071935
257692123
259466210
259874582
259961679
261134251
261357350
261708547
262600157
262782702
263436229
264599218
264725326
266917239
267955624
268794371
270714577
271670267
273604478
274516897
276497507
278035697
279656506
279889135
280845120
281023822
281552045
281589662
284419558
284464154
284687740
284896934
285774517
286408965
286488134
287411164
288787800
289230590
289284819
289502746
289978409
290492135
290634064
290738732
291206482
291903720
292735920
293989585
294111208
294302700
294592207
295451174
295641664
295930423
296092226
300564439
301252588
301633474
301695379
302105915
302340716
303403457
303826285
304105862
304314525
304541669
304598340
307559938
310773405
310789454
310901447
312050179
315096678
315215869
316124030
317168682
318019428
318888540
319472588
320755591
320997077
323647988
324915154
325367797
325971429
326071565
327706508
328055898
328869625
329370610
329389740
329812302
331828456
332348418
333767883
334088866
334525629
336081200
337889589
337916218
338149766
341058994
343319872
344557437
344638107
344662826
346085465
346672033
347076141
347190207
347321943
347794613
349531549
349777236
350485656
350608028
350701359
351177284
352806467
352840473
352968595
353465418
353644478
354142387
354645776
356222526
356624213
356679286
356767739
359324059
361054569
361566042
361998102
362796174
363042893
363925133
364169319
365005693
365328894
366475282
367005289
367582906
367780848
368139757
368543113
369716600
371307092
371383586
371780844
372421087
372765915
372772189
373112639
373841529
374201881
374810235
374903806
375104468
375548993
376024720
376480888
376736273
376944035
378452715
378885134
378972294
380514925
380815147
381716949
383212562
383614493
384142131
384594750
387103545
389226370
390204263
390684547
390840371
391127753
392478404
392878671
393058977
395005887
395663166
400211650
404506714
405297675
405737217
406390933
406503101
406777577
407966686
408131881
408867964
408995317
409917147
410202148
410277159
411763925
412083650
412197236
413403445
413445900
414751988
415521070
416772239
417793664
417919321
418109830
419022507
420496910
422592314
424381639
424497892
424691267
426691678
426695264
426720775
427996872
428436674
429129861
430180839
431611919
432027878
432572933
432843043
433197687
433814477
434154313
438104979
438626889
438935185
439174698
439204217
440011286
440952611
441424916
441436520
442347652
443294872
444764383
445202823
445655709
446265841
446992852
450034933
450720964
451391654
453206620
455782940
457443049
457854616
460512640
462136661
462809152
463058607
463324705
463971343
464136150
464323148
464825143
464871252
465692226
465829794
466205245
466801085
467161892
467192497
467522046
467914049
468704242
469237873
469447882
469838797
469981344
470232940
471303002
472180001
472439574
472740117
473045705
476186057
476261144
476522899
477567368
478109997
478213825
479060597
480324947
480937072
481616772
481818914
482441541
483394962
484109113
484434478
485112075
485763667
486715569
487051277
488526177
489000774
489413879
490683448
490885385
491334507
491978118
492148181
492499524
492740748
494269441
494341419
494364036
494704837
495233672
497911029
498486479
498715855
498917909
499084997
499414570
500168578
500351072
502476199
502824704
504580438
505779058
506804041
507403810
508958269
509125105
510141491
513769687
513802130
515372111
515479938
515612821
515714818
516161433
516478813
518059738
518825964
519155392
519707115
519971845
520938802
521134861
523488698
524058383
524343038
524613015
524748899
525566468
525958488
527011942
528069392
529877693
530127206
530170837
530218913
531527420
532974828
534078385
536201290
536208436
537545446
538529927
539044397
539381351
541126563
542335423
544308087
544837216
545478887
545741204
545777441
545958778
547030387
547171407
547471082
548491056
549697816
551002514
551257876
551344654
553010890
555093208
555628325
559529227
559901104
560826922
561192248
561721236
563293002
564333449
564727713
565602356
567146659
568078670
568472767
568699912
569636326
569970136
570803665
572469708
573464238
573857447
574165765
574400107
574708051
575002960
576593465
577551825
579211250
579404514
579791900
580073424
580425566
580431418
582881669
583746942
584345571
584503303
584700037
586455151
587771723
587969675
588680579
589357015
590279045
591440825
591718911
591991444
593814456
593889623
594222606
594441298
595891686
596078401
596238942
596289692
596301709
596778586
596963323
597066842
598144556
598267304
600478047
600683259
600839557
601227774
601524117
601652313
601955929
601965882
602249338
602882059
604311456
604570330
605644671
606551594
608154116
608761676
609168132
609900998
610211463
610295510
610509143
611068405
611574394
611705586
612553386
613707849
613712810
614731975
616345395
617040040
618098846
618184098
619078252
619354621
620059950
620630231
620697131
620727421
622302921
623262691
624019933
624455397
625059888
625409515
626589885
627241185
630077159
632257059
632950279
633506934
634431475
634465350
634680742
634938778
635015752
635372065
635710573
635973069
637227875
638998701
641028775
641512043
642264681
643030790
643046244
644806557
645521926
646357452
647615536
647716153
649646330
651947798
652250723
653884588
654408649
654688046
656042302
657520743
658643362
659637264
660281690
661869063
662940993
664043543
664376770
666619028
666739999
667526350
668796329
669341107
670876964
671153952
672213330
672578354
672603704
672643511
673065518
673190659
673532534
673608346
673666753
674212695
674220351
675745763
676558172
677395588
678419371
679045430
679637565
679844936
681356710
681517767
681581648
681733318
682855608
685313894
687836443
688730348
689208152
689681426
689717916
690375126
690443814
693412915
695706028
696022838
696864022
697476613
699517233
699557281
701414785
703201504
704106347
704589855
704879604
705254439
705542317
705793139
706725695
708473081
708627521
708634681
709392136
709447737
709816680
711074247
712816854
712829632
713029966
714129115
714239993
714461530
715222758
715391832
715395130
715907216
715943683
718790043
718837220
719857255
720540247
721408482
721439948
721608695
722100971
723438953
725050372
725506647
725838024
725844592
726109961
726631259
727259484
727467804
729012828
730046211
731508177
731819384
731940387
732265392
732970356
733180978
733521909
733769860
734337197
735338937
736916987
737145021
737236668
737525012
740734536
740855018
741209473
741632806
742296857
742737253
743192888
743600406
744002222
744180140
744947584
745014989
745313031
746441983
746689376
748577965
749159917
750232806
752464424
752986200
754807471
755206295
756668640
757020471
758037977
758560819
758818877
759209403
759720721
762884274
764224289
766675893
767009766
767011629
767512586
767545144
767833990
769267489
769284441
769822242
770374510
770398285
770473860
771177843
772118499
772245419
772790751
772818964
774470834
774516547
775575986
775794666
776122601
776681934
777405811
780017807
780291177
781216175
783183832
783283950
784020317
784184758
784543761
784703455
784940737
785222355
786355253
786359226
786908097
787602500
790031742
790206594
790712143
790849691
791132462
794212968
795405426
795598719
795659958
795682481
795688066
796764475
797914399
798024441
799196114
799857568
800331621
800686609
800717837
801202054
801693596
804514948
804938964
804989169
805021020
805509667
806014469
806398679
806805505
806836671
807804902
808267491
808923615
810686370
810741019
812103639
812306911
813658992
814016717
814191400
814555030
814770823
814782625
814987686
816619191
817259100
817468292
817563780
819049105
819803714
820021240
821315446
821548331
822129944
823272085
823539039
823987245
824479553
824710874
826047000
826831906
827188627
829556832
829775143
832048440
832252896
832993146
833813201
834262269
834426654
835033190
836091492
836274783
837353726
837419543
837594427
837642480
837992525
838310834
838507407
838660146
838931171
839200130
840580830
842178755
842635439
842867285
843425124
843462626
843550486
843797805
844111198
844589610
844765561
845163774
845558568
845639903
846633070
847199801
847376273
847858214
848646761
850119511
850133441
850802326
851145627
851445028
851514420
852240785
852411255
853847364
854335106
855092869
855267099
855871377
856334701
856396823
857660323
858249149
858927108
858994576
859120763
859416626
859864704
860045315
861012485
861489255
862001902
862543334
862840189
863852437
863955956
865337891
865592896
865923180
867138988
867319960
867591523
867803252
868149828
869086061
869395825
870457329
870916642
872135013
872646347
873045969
873946751
875347172
875461458
876545079
877402920
877598236
878232125
878387961
879155396
882905969
883789355
884857954
885489911
885757936
885837515
886426716
888591881
888918408
889635120
889691718
889891232
890983444
891138498
891994237
892368242
892779163
893954852
895310080
895383728
895885783
896025984
897585681
898187184
898206250
899036492
901400431
901437875
902247098
902343950
902499418
902759077
904120195
905123931
906225232
906272114
906688675
906737331
907269719
907961788
908965743
909671884
910022492
910336413
912264778
915704861
916116501
916865720
916904528
917183062
917515331
918259419
918623707
919740224
919997320
920414205
923204527
923403249
924067075
925252289
926407352
926855327
926920181
927759365
928423269
930437854
931096351
931516693
931602106
931714462
931955149
933397215
933433227
934782944
934831301
935838134
938272435
938882023
939606755
940052289
940427368
940832765
941819041
941942537
942714478
943305529
943609709
944262819
944711329
944768597
947900273
948434847
948981594
949513091
949761566
949786653
952317146
952533096
954047307
954048159
956918545
957040291
958235325
958688502
958875136
959118191
959465362
962432480
963036200
964251495
965228496
965286379
970097254
970811057
971429374
971693365
972076059
973569335
974137752
974452771
975018406
975132043
975997306
976251255
976574993
977564072
977988119
978327528
980905095
982373071
983299556
983558616
983913045
985481383
987027124
987132510
987204493
987331206
987439943
988284552
988515279
989078307
989599086
990262401
990360700
990811285
991278512
991544995
991802698
992434178
992559050
992837171
993054463
993092970
993331146
994016144
994108779
995689993
997732041
999625160
1000053810
1000264666
1001886271
1003254329
1003814922
1004762935
1007154692
1010199289
1011509760
1013275490
1013352685
1013449218
1014564508
1014637958
1015006346
1015053473
1015287135
1015748990
1015862590
1015863951
1017084681
1017206230
1017797175
1019053623
1021927156
1023507041
1023919138
1024965276
1025011383
1025467405
1025543624
1027009354
1028075619
1028147593
1028392185
1029146077
1029539851
1029835953
1030543408
1033863239
1034279733
1034652580
1036308964
1038425451
1039316538
1039705083
1039972094
1040402881
1040769736
1041375481
1043078058
1043603550
1045684641
1046676005
1046789581
1047983019
1047983566
1048731609
1048777595
1048877860
1049710571
1051612971
1052812723
1054516101
1054855524
1055262942
1056723547
1057058019
1057559969
1057893751
1059678407
1059959527
1060536713
1061445915
1061964305
1062079590
1062692923
1064709461
1065560189
1065942201
1067294302
1067420214
1069715616
1070390816
1070496709
1072055444
1072694088
1072760337
1073348167
1075416180
1077171084
1077525588
1078091233
1078171523
1078376929
1078704928
1078878937
1078895667
1081726690
1082191141
1082223236
1082270780
1083776701
1085750919
1085873067
1086607603
1087064801
1088747501
1088756852
1089923281
1091036009
1092080252
1093483915
1094289642
1095669119
1096034442
1096697431
1097325208
1098135002
1098144666
1098842499
1099787656
1100109441
1101414639
1102107806
1103863704
1104943433
1105844491
1107116498
1108846370
1110145859
1110330639
1111012355
1111403436
1111899395
1113028840
1113237659
1113370372
1113719704
1114007753
1114998531
1115242787
1115746950
1116122217
1116898016
1116908894
1117610395
1117695462
1118218494
1119062584
1119131271
1119878148
1120451529
1121278817
1121466091
1121695233
1122278915
1123016239
1123165871
1123722867
1124606211
1124883612
1124994200
1127424529
1128186958
1128851765
1129007289
1129596169
1129620835
1131139833
1131511482
1131780009
1132452095
1132657253
1133151610
1133752984
1133788676
1134655289
1136164660
1136876197
1136882178
1137314827
1137977457
1138282529
1139910148
1140621998
1140625529
1141474017
1142089069
1143018954
1143168383
1144958892
1146051247
1146479891
1146583472
1146911819
1147383036
1147442065
1149902643
1151114000
1152692287
1153042722
1153221105
1153413769
1153699248
1154741906
1154790567
1154841205
1155011466
1155322924
1156180953
1156202944
1157101986
1158041686
1159094675
1161232907
1161405032
1161692798
1163565861
1164212456
1164936477
1165686255
1166635786
1166995372
1167825173
1168125326
1169267215
1169527212
1169837880
1170756799
1172222411
1173088500
1173499129
1173759249
1174186084
1174637740
1175013809
1176607974
1180155995
1181389617
1182363987
1184376315
1184600267
1185022715
1185745734
1186314411
1187100209
1187968989
1188363875
1188489654
1188958542
1189157451
1190329834
1190332441
1191062097
1191826659
1191953944
1192367571
1193001365
1193726445
1195247096
1195636913
1196147524
1196249511
1197439085
1197495684
1197961925
1198098386
1198102268
1198565043
1199929102
1201128862
1201165715
1201426885
1202526678
1204102259
1204240566
1204682599
1205045990
1205195583
1206328954
1206572063
1206698099
1207026531
1207665047
1208049772
1208178640
1208418720
1209957118
1212771117
1213085138
1213539264
1214275223
1214856358
1215477076
1216146355
1216863341
1217383072
1217578363
1218651254
1218718532
1220942879
1221615333
1221954740
1223624300
1223754230
1226592655
1227453931
1227652115
1227823513
1228628060
1228754189
1229142189
1229277567
1230093365
1230476274
1232622627
1232752798
1234034337
1234048209
1234211393
1234632580
1234763066
1235014942
1235487425
1235880591
1236148057
1237706217
1238282555
1239709795
1240523840
1240871606
1241117705
1241354183
1241865637
1242239081
1242304227
1242463138
1242746193
1243215597
1243937820
1244017126
1244265190
1244364598
1244544171
1244846037
1245310823
1245736464
1245812588
1246441850
1247268343
1247549795
1247624374
1248508656
1249246843
1250753427
1250769993
1251823593
1251987986
1252982021
1253356566
1253547764
1253565431
1254876011
1254979014
1255590908
1256593620
1257777134
1259253308
1259297168
1260128951
1261718683
1262056597
1263460935
1263599772
1263612383
1264615952
1265405968
1267051749
1267629845
1268162224
1268662161
1271379548
1271519508
1271942453
1272052754
1272497486
1272667548
1273793712
1274341532
1274591121
1276288583
1276532900
1276874866
1277563849
1277627761
1279264726
1279308593
1279786127
1279803058
1279966266
1280289460
1280556242
1281446288
1282967724
1283465689
1283898481
1284011320
1284620513
1284792827
1285891542
1285932298
1286437596
1286786485
1288379379
1288586806
1288616132
1289877438
1295064723
1295986349
1296093762
1297149870
1297859502
1297966027
1298300958
1298399614
1300154140
1304532901
1304647523
1304739499
1305268495
1305441495
1305711726
1305731920
1306240305
1306418145
1306660483
1308131114
1308821925
1309097505
1309288331
1309831111
1312413410
1314300338
1314704086
1314963250
1315335605
1315672499
1316441485
1316461583
1316493974
1317538786
1318513715
1319040202
1319708611
1321441925
1323042426
1323709170
1323808177
1324947897
1325381626
1326651293
1327316640
1328022891
1328518718
1328669593
1329758308
1329850659
1330398580
1332128034
1332537204
1333724188
1334388914
1335248682
1335774571
1337008732
1337225166
1337292636
1338224936
1338971485
1339106791
1339720774
1342453412
1345199826
1345445972
1345500858
1345575788
1345842322
1345899383
1346381080
1346619995
1347354582
1347892450
1347921801
1348139849
1348304950
1348362102
1348431555
1348752337
1349726032
1349902022
1349988914
1350535021
1351648849
1351716035
1351893062
1352419188
1352621300
1354173511
1354940917
1355822990
1356278579
1357288223
1357637483
1357659382
1357720879
1358295225
1359003207
1359456898
1359982180
1360976272
1360991678
1361376367
1361902649
1362257663
1362915984
1363580151
1365939245
1366318996
1366603331
1368027503
1368084011
1368196885
1368216558
1368362824
1370321946
1370373369
1370631635
1370748487
1370941114
1373006771
1373301049
1374386886
1374902319
1375657680
1375741008
1377125590
1377170217
1378000248
1378272965
1379015313
1380226315
1380946795
1381849850
1382551265
1383434741
1383481280
1384262599
1385737649
1385918472
1386375215
1386385989
1386539854
1386604214
1386636609
1387474851
1387490599
1387702060
1387801953
1388725462
1389374072
1391161347
1392725777
1393444803
1393586759
1393889109
1394069408
1394601973
1395377027
1396027765
1397252734
1397491709
1397633072
1399002697
1399445052
1399612991
1400486270
1401773206
1402780140
1402787187
1403736270
1405164542
1405675595
1406601706
1406741845
1406999525
1407034145
1407079858
1407476144
1409674657
1411974688
1413270215
1414207711
1415032147
1415446269
1416245431
1417535460
1417875554
1418458117
1418495646
1419027418
1419205042
1420075489
1421740826
1422489977
1423076704
1424473755
1425006667
1425606180
1426687149
1427367903
1427428078
1427585788
1428241439
1428662597
1429989596
1430073247
1430588092
1431016352
1431838220
1433278719
1433480293
1434234490
1434402759
1434644506
1434744772
1435303519
1436031510
1436436349
1438746441
1438772662
1440456344
1441714547
1441760052
1441980862
1442584887
1443549183
1444101039
1444299284
1444954761
1445299054
1445511071
1445532838
1445628144
1447008925
1447903348
1448617059
1450556353
1450719023
1450822629
1451451806
1452352896
1452468755
1453075068
1453646158
1453700062
1454603819
1454924497
1455998294
1456271624
1458431394
1458858060
1459509196
1460807941
1460814031
1460953800
1462185029
1464132271
1464749364
1465381073
1465728539
1465861251
1465921061
1466589690
1467032395
1467086308
1468975219
1469403965
1469760097
1469858147
1470875271
1471375059
1471656239
1471930003
1471976610
1473803387
1475257235
1475686744
1475807109
1475901895
1476318734
1476667570
1477323082
1479220084
1480139037
1480202317
1480903438
1481122837
1481659674
1481758582
1482262651
1482548785
1483080830
1483315606
1483859793
1483870330
1484637966
1487088279
1488781687
1489099480
1489257232
1489730832
1490279157
1493169086
1493478844
1494197081
1494294944
1501007229
1501271566
1501545659
1501853002
1502661037
1502896211
1503355774
1503359781
1505338594
1506405156
1510384204
1511259871
1512047739
1513105167
1514017018
1514341938
1514385178
1514894811
1516061639
1517074481
1517595572
1517943175
1518354295
1518757464
1518775674
1521245333
1522781413
1523037726
1523519460
1523633801
1524126277
1524244551
1524281501
1525052297
1525747652
1526719099
1527046973
1530013547
1530396070
1530507485
1532005635
1532766345
1533034438
1534095592
1536454694
1536735721
1536899931
1537561930
1538051674
1539677796
1539757134
1539927711
1540578922
1540814529
1541587811
1541822321
1541932325
1542061890
1542178688
1542662423
1544117673
1544332241
1544557325
1544589525
1544885779
1545006497
1545667673
1546749199
1546790896
1548074950
1551587537
1552635894
1552998937
1553844956
1554194909
1554208682
1554967796
1555066506
1555264777
1556425020
1557852966
1558738869
1559435151
1559588422
1560086754
1560154794
1560266908
1561478400
1561658773
1562178300
1562597471
1563009796
1563163904
1564283806
1564860478
1564999696
1566827650
1566923490
1568653977
1568662675
1570222842
1572222009
1572310030
1572459053
1574344411
1574586552
1578227090
1579567424
1579672264
1580254119
1581783627
1582390649
1582595002
1582856653
1584031525
1584250603
1585319208
1586281942
1586488173
1587387136
1591225869
1591382816
1591715880
1591792499
1592978356
1593195422
1593847379
1594157543
1595951880
1596737130
1596789305
1598636919
1599018671
1600824430
1601198732
1602538336
1603802300
1605377155
1605659344
1605935155
1606314577
1606800071
1607256374
1607770070
1608378434
1608391527
1609605332
1609878061
1610229709
1610292901
1610326915
1611378167
1611806313
1613863164
1614673744
1615980101
1618906703
1619481294
1619664368
1620010415
1621079767
1622161603
1623271420
1624179323
1624475604
1624724824
1624818222
1625178361
1626068558
1626127270
1626493526
1626891362
1627114796
1628384111
1628983902
1630039522
1630883542
1631457126
1631920656
1632433347
1632554599
1633800821
1634055319
1634108147
1634236453
1634274079
1635264888
1635470139
1635494802
1636154148
1637271191
1637721053
1637746364
1638311377
1640399020
1640488813
1640968256
1641543265
1641980898
1642824995
1642845062
1643164600
1643634192
1644417188
1645157551
1645268878
1646763669
1648097470
1651437533
1652711737
1654077569
1655961570
1657013668
1658232746
1658282557
1658364685
1658378336
1659339495
1659589845
1659677747
1659847103
1660181492
1662072424
1662132001
1662726503
1663154344
1663755469
1665123018
1667070021
1669013697
1670694615
1670708472
1671863070
1672185576
1673761951
1673905805
1674218174
1674829862
1675896354
1679314101
1679410584
1680186085
1680298261
1681420127
1682414777
1683642878
1685535846
1686602856
1686627007
1687253692
1687280281
1687692025
1687793711
1688011124
1688071952
1692864747
1695172252
1695702664
1695788149
1697146763
1698037445
1698662589
1699299237
1701399593
1702944373
1704148658
1704174287
1704229157
1705325087
1706026566
1707224117
1707796124
1707998505
1708484357
1708625258
1709986994
1710259938
1710516627
1711334968
1713172202
1713902149
1714370497
1714600420
1715498632
1719020307
1719443802
1719463040
1720646096
1721708722
1721804726
1721914598
1722297913
1723996960
1724252920
1725009984
1725268810
1727232043
1727336016
1727653188
1729210267
1729968267
1730320963
1730592022
1731460737
1731976430
1732354893
1732835489
1733231338
1733448990
1733484429
1734859307
1735114468
1735776431
1736178529
1736254969
1737778218
1737951011
1739154908
1739285929
1739609190
1739929950
1740086464
1740697657
1741054373
1741792804
1742064271
1742150283
1742183172
1742759330
1743365418
1744416704
1745674401
1747274327
1748679865
1748976664
1748995893
1749317038
1749474188
1750014149
1750552992
1750779712
1752584575
1753213345
1756494271
1756587104
1756724976
1757206489
1758865863
1759386105
1760026277
1761575568
1761914913
1763119086
1763159674
1764156437
1764672126
1765555298
1765718222
1766565528
1769352023
1770403881
1771368864
1772525701
1773591149
1774448182
1775194051
1776253770
1777820535
1778295507
1778664349
1779131291
1779152254
1779596927
1780180373
1780251931
1781851837
1781876985
1782485036
1782722548
1782946612
1783097612
1784241015
1784754935
1784813804
1785463418
1786446733
1786626341
1788703348
1789305021
1789479317
1790051738
1790737544
1791524866
1791757984
1793319137
1794193100
1795673450
1795903759
1796191149
1796253642
1796437525
1797012972
1797246300
1798076163
1798938088
1800103578
1801435541
1801770269
1802871230
1803478085
1803646184
1803790578
1803964123
1804054610
1805753062
1806692082
1807275374
1808109026
1808150960
1810766394
1811017412
1811106131
1811166403
1811418201
1812365979
1812664286
1813633848
1814356909
1815103181
1816794291
1817252304
1817985950
1818489304
1818743272
1818878150
1818952731
1818981105
1819826666
1820360650
1820560336
1820827755
1823112033
1824597517
1825226773
1827834272
1827951734
1828414147
1829594394
1830706279
1831312174
1831423035
1831595540
1833442717
1833664264
1834339460
1834767853
1835157350
1836093631
1836577218
1837964219
1838883673
1839216458
1840985907
1841443116
1841459525
1841821934
1842846237
1843094084
1843176468
1843945547
1846551489
1847605001
1847674020
1848846232
1852059974
1852550098
1852876960
1852995261
1853763069
1854536362
1855439521
1855659226
1856859040
1857616622
1858160356
1859660794
1859896782
1860175286
1860181545
1860763074
1861673106
1862370415
1863244688
1865759251
1865833648
1866119732
1866981380
1867662007
1867873328
1868423622
1868557475
1868892991
1870995616
1871038866
1871334119
1875504030
1875920522
1877096096
1877503424
1877570477
1878173076
1878511894
1880075708
1880278916
1880790681
1881262920
1881553200
1882959756
1883203590
1883384704
1883650014
1884066257
1884424738
1885188105
1885993412
1887346149
1887818996
1887996662
1890348031
1890427995
1890539870
1892975591
1893012613
1893268342
1893336734
1894006687
1895669885
1896644402
1897169634
1898561270
1898761731
1899872863
1900706339
1902196431
1903052714
1903237075
1903771471
1904701903
1904707971
1905445105
1906867496
1907369143
1909222705
1911003015
1911484245
1912539140
1912651243
1914094693
1914212520
1915048455
1915674443
1916642500
1916647533
1918246026
1918286909
1918694901
1918789134
1921138889
1921182827
1921221457
1921790491
1922039758
1922777039
1924230892
1925239797
1925689052
1925989857
1926286001
1926688199
1927355617
1928651688
1931285096
1932225497
1933173424
1934034580
1934053494
1934530358
1934828579
1935387782
1936673844
1937816752
1939474055
1940070064
1940516266
1940756434
1941090178
1941219158
1942095436
1942514802
1943948169
1944058883
1944548483
1945918433
1946337296
1946823896
1947087219
1947273357
1947356050
1948761294
1949990915
1951439453
1953889739
1955124899
1956193872
1956600827
1956885131
1956891479
1956976458
1957831870
1958697264
1960250313
1960282015
1960453886
1960772829
1961706103
1963452517
1964166455
1965285846
1965539288
1965961271
1966150181
1966523181
1970161650
1970501558
1970540997
1971373014
1971462190
1972216331
1973170079
1973455461
1973773855
1974414114
1974723632
1976167109
1976184656
1977265841
1977748490
1978099850
1978585311
1978797312
1979664747
1980149274
1981136160
1981566949
1981774292
1982036925
1982119776
1982358675
1983762210
1983872983
1984314619
1986269520
1987434568
1988097892
1988464388
1990208135
1991391604
1992252611
1992327785
1993959632
1994421542
1994690288
1994799859
1996760610
1997083133
1999420132
2000331355
2000673983
2001034901
2001818856
2001922186
2002496075
2003971809
2005565674
2006514995
2006757525
2007304972
2007900381
2008838581
2011345234
2013762992
2014729876
2014865886
2015905354
2017014806
2018393231
2018671248
2019218667
2022639880
2023808435
2024156921
2024634496
2024806612
2025225425
2026346953
2027463207
2028479732
2029420924
2029703623
2031110141
2031424352
2032863225
2033347659
2033359619
2033445510
2034395120
2034668685
2035084411
2035369882
2036292250
2039700707
2040893290
2041622441
2041832616
2043519237
2044410169
2044570014
2046177037
2046276061
2046593530
2046798959
2047916885
2048170736
2048835129
2050425114
2050565243
2051259562
2051328519
2051982256
2053109197
2053458138
2054191683
2054325869
2054518309
2057518709
2057526867
2059609025
2061374587
2062475616
2062913726
2064133515
2064835677
2065244928
2065564382
2066648256
2067097650
2067304659
2067335050
2067879731
2068429172
2069284716
2071113524
2071212309
2071477447
2071580667
2072236670
2072455525
2074426630
2074462953
2074495568
2074681371
2075119642
2076067142
2076388382
2076485072
2077052163
2077739248
2078536939
2079014358
2079392660
2079604043
2082169069
2082219849
2082530929
2082899304
2083583219
2084577446
2086097659
2086573066
2086822775
2086877183
2087024114
2087207327
2087540733
2087826465
2088254791
2088478916
2088878113
2088905582
2089747695
2090054206
2090635807
2090677432
2090964328
2091239680
2091594260
2092146005
2092183871
2092987375
2093431371
2093993185
2094263648
2095202115
2096152430
2096492123
2096913716
2098387762
2099977167
2101483315
2101880433
2103900849
2104133155
2104864335
2106468426
2106490422
2107103956
2109253634
2109618284
2110257552
2112223120
2113317306
2114440306
2114559037
2115064624
2115456481
2115762804
2116793869
2117147165
2117519375
2117734312
2117758665
2118312285
2119286930
2120518447
2121539343
2122798329
2122808006
2123303816
2123481002
2123794634
2123973199
2124647091
2124851087
2125536527
2125697306
2125870019
2126128251
2126793442
2126889065
2127460615
2129056904
2129543955
2130394728
2132138170
2132866904
2134137664
2134840340
2136148875
2136162170
2136602349
2137090508
2137295291
2137756702
2139315573
2140178700
2140544932
2140927371
2142020979
2142690232
2143096958
2143286052
2144873248
2146118914
2146808179
