1072055444
647615536
705542317
1186314411
1204682599
627241185
500351072
2087207327
373841529
618098846
135883710
1937816752
1450719023
1387702060
1615980101
52428272
1966150181
1465381073
179446668
661869063
23228599
329389740
229406096
2144873248
1113237659
573464238
347076141
1788703348
261134251
1652711737
598267304
1137977457
303403457
2057526867
2126889065
164732294
1430588092
980905095
132689350
1168125326
954048159
689208152
2046593530
1279264726
42416600
1541587811
1464749364
635973069
1778664349
1643634192
572469708
1393586759
2114440306
1021927156
1863244688
1586488173
1040769736
1059678407
1658282557
1428662597
395005887
2087540733
490885385
604570330
1431838220
1111899395
157076829
568699912
958688502
664043543
1877096096
595891686
1246441850
2088478916
1471656239
38370256
2124851087
798024441
642264681
524058383
1197495684
1070496709
767009766
814191400
1054516101
251670450
1516061639
1957831870
1556425020
1501545659
1591715880
851445028
438104979
1406601706
197854130
1465861251
443294872
1154741906
329812302
1847674020
238055290
208487206
1352621300
2096492123
33952432
153187765
530218913
1147442065
1596789305
1944058883
200558695
518825964
374903806
229346629
81730718
2117147165
1502896211
731819384
743192888
263436229
596289692
426691678
1896644402
697476613
162813452
1436031510
410277159
814782625
1444954761
1956891479
1443549183
1817252304
10608044
2082219849
450720964
1471976610
1417535460
895310080
1561658773
378885134
523488698
1646763669
1216146355
755206295
1357720879
675745763
1358295225
48838299
596078401
409917147
291903720
767545144
1882959756
36262789
1069715616
87995867
1572310030
152847763
1584250603
1739609190
1798076163
376944035
2071113524
1397491709
2089747695
366475282
1481122837
214290542
2132138170
852411255
1272497486
1831423035
1394601973
1632433347
833813201
1218718532
337916218
1994799859
328869625
498917909
1279803058
1862370415
257692123
993331146
1977265841
203204611
1558738869
790849691
2035084411
1777820535
1834339460
709392136
344662826
2137090508
970811057
1742759330
1154790567
472439574
722100971
1591792499
77455062
870457329
528069392
1380226315
1403736270
1855439521
868149828
963036200
1386385989
1820360650
1634236453
806805505
14040843
725838024
181871893
1386375215
1229142189
1169527212
935838134
1361902649
715395130
804938964
1479220084
2113317306
1884424738
690443814
1062692923
1279308593
847199801
1251823593
1776253770
872135013
1514894811
1205195583
797914399
1441714547
560826922
352806467
2119286930
1396027765
1204102259
2137295291
289230590
577551825
1464132271
1483870330
164177306
1061445915
1046676005
983913045
325971429
1663154344
46060077
1170756799
280845120
898187184
1795903759
1563009796
863852437
166773535
1555264777
704589855
413403445
820021240
87212911
490683448
1213539264
144715366
1088747501
858249149
508958269
1823112033
1798938088
1465728539
536201290
1131139833
1122278915
1552998937
1916647533
33672515
1441980862
1638311377
1099787656
1651437533
1169837880
770398285
1335774571
949761566
1267629845
902247098
226298500
372421087
1763159674
587771723
2103900849
2003971809
1748995893
1796191149
1607256374
1078878937
1325381626
1332128034
1143018954
1206572063
622302921
1918286909
145797836
1101414639
1357637483
576593465
95114387
417919321
2075119642
1354940917
1641980898
1953889739
865592896
376024720
1217578363
1572222009
525958488
910336413
2123794634
284419558
1153221105
261708547
301633474
1198098386
44974801
1075416180
1868423622
1744416704
237283894
988284552
1982036925
772118499
41519416
2139315573
1368362824
2143286052
1839216458
1640488813
1489257232
1227652115
1427367903
2014729876
1711334968
861489255
1770403881
1524281501
1803790578
384142131
1198102268
958875136
823987245
2117734312
92735697
174791386
302340716
1100109441
1594157543
2031424352
838310834
431611919
733769860
1121695233
1880790681
2093993185
714461530
822129944
217550979
52141839
1912539140
1189157451
130522855
731940387
1620010415
588680579
433814477
1699299237
464136150
888918408
1911484245
819803714
1704229157
1965961271
469237873
974137752
873946751
1028075619
1704148658
227035297
1921790491
489000774
112301888
1129007289
2117758665
810686370
1858160356
1732354893
1415032147
1140625529
257071935
1023919138
971429374
928423269
1733448990
1001886271
625059888
5638805
1887346149
1582390649
1734859307
1539677796
2027463207
1687280281
1784754935
1487088279
715391832
1727232043
1043603550
1840985907
673608346
569636326
759720721
1625178361
938272435
354142387
2074462953
1452352896
671153952
676558172
2088254791
2136602349
424691267
1852550098
46145436
1986269520
1907369143
687836443
858927108
1875504030
1434744772
1285891542
2116793869
1359003207
1731976430
2069284716
56702359
2068429172
2041832616
381716949
1370631635
139338975
206077478
1866981380
2054325869
264725326
1727336016
2077739248
681733318
1877570477
799196114
1750779712
471303002
1758865863
916904528
1710516627
1386636609
1732835489
816619191
723438953
873045969
1468975219
1123165871
795682481
1756587104
492499524
1627114796
1165686255
705254439
1723996960
1741792804
1847605001
1608378434
1781876985
1536899931
754807471
1903237075
476261144
1545667673
1685535846
1073348167
151728190
142617470
350701359
534078385
1890427995
290738732
1489099480
672213330
775794666
1675896354
407966686
1279966266
1059959527
1536735721
940832765
584503303
989599086
106213990
593889623
319472588
1970161650
994016144
41198140
157561614
696864022
1399445052
156369820
2001818856
380815147
2071212309
181051398
1386539854
987439943
573857447
1797246300
1600824430
1405164542
2036292250
361998102
838660146
1877503424
596963323
2120518447
218852322
1902196431
1240871606
1444101039
1339106791
1855659226
1070390816
1630883542
1043078058
131527227
467192497
843462626
851145627
469447882
498715855
2072236670
281023822
1228628060
499084997
310901447
542335423
1925689052
55384018
1956600827
1438772662
1949990915
1628983902
1383481280
1351893062
1867662007
1072694088
2117519375
908965743
1683642878
597066842
759209403
1191826659
1326651293
1453700062
618184098
1721914598
1351648849
563293002
942714478
17600846
1544117673
651947798
2022639880
612553386
1015748990
239208878
718790043
1752584575
161337104
1610326915
919740224
1502661037
1756494271
232409660
1425006667
509125105
1247549795
485112075
699517233
152619396
679844936
284464154
916116501
962432480
997732041
432843043
783283950
334088866
1990208135
931096351
944768597
2140927371
213155655
259874582
1248508656
1852876960
1631457126
1825226773
2086822775
1942514802
1759386105
1564860478
1423076704
376480888
30600325
1028392185
883789355
1103863704
347321943
1250769993
608761676
1811017412
500168578
2044410169
1268162224
786908097
2142020979
1330398580
749159917
186595843
1314963250
323647988
137202187
766675893
464825143
2067304659
1237706217
1659589845
545478887
878232125
568078670
374810235
2123481002
1085750919
1673905805
108514361
109114793
2132866904
2024806612
1201128862
289978409
432572933
1173759249
492148181
795598719
1984314619
1542178688
491334507
1735776431
842867285
1607770070
1624818222
1760026277
20877710
1898761731
889635120
1110330639
2074495568
977564072
1121466091
320997077
641512043
1796437525
1779152254
1067420214
1284620513
834262269
743600406
1719463040
56248350
1324947897
1161405032
1245812588
1841459525
11964213
948981594
1444299284
1136876197
232923771
1450556353
1130385
1027009354
1419027418
1803478085
971693365
1153699248
762884274
145065313
65481314
1475257235
154939359
538529927
519971845
1505338594
712829632
28578144
2023808435
142539729
1057058019
1306240305
596238942
487051277
515372111
69781081
1198565043
162075403
1216863341
1247268343
551257876
2136162170
152997267
267955624
1212771117
21061079
1831312174
1445299054
337889589
1298300958
1601198732
744180140
1828414147
1893336734
787602500
310789454
991802698
807804902
1296093762
1418458117
758560819
918623707
705793139
1865833648
823272085
965286379
888591881
1971373014
591991444
453206620
1038425451
906225232
73175123
1674218174
737145021
1119878148
252380823
1229277567
2127460615
333767883
1010199289
4304029
1133788676
1688011124
1309831111
23211894
1918246026
1566923490
439204217
1837964219
2110257552
575002960
1172222411
904120195
1306418145
1315335605
172765819
206463612
1271379548
774516547
1045684641
1082270780
1522781413
726109961
814987686
1286786485
1797012972
593814456
1081726690
1241354183
1097325208
1941090178
1377125590
1445628144
1559435151
250683934
924067075
2076388382
1329758308
1164212456
2072455525
902759077
281589662
261357350
1279786127
250436428
1387801953
527011942
1054855524
790206594
737236668
730046211
1361376367
1297149870
1645268878
1818878150
756668640
1034652580
472740117
1928651688
1636154148
510141491
1368196885
347794613
1357288223
235420891
1545006497
1658364685
1885188105
1124883612
1060536713
1460807941
1655961570
776122601
2094263648
993092970
1982358675
1880075708
1906867496
1221615333
906688675
1992252611
689717916
545958778
483394962
149368248
1370321946
620697131
2079014358
776681934
1782485036
1748679865
2046798959
1354173511
86962098
2067335050
1701399593
870916642
7475373
1530396070
846633070
20017906
613712810
1574344411
1970540997
64386250
476186057
191548929
1049710571
1406741845
709816680
1624724824
1749474188
1013449218
947900273
193261325
2044570014
727259484
384594750
287411164
44872283
1518354295
893954852
1904701903
758037977
801202054
1387474851
97570084
1524244551
1015006346
877402920
138423628
1548074950
1503359781
408867964
1265405968
1078091233
363925133
2053109197
1948761294
1304739499
350608028
725506647
721408482
1332537204
1532005635
1645157551
1411974688
96489255
1445511071
1166995372
891994237
2054191683
1467086308
468704242
251348941
1088756852
821315446
177277980
57109670
1582856653
1965285846
590279045
165130084
1741054373
943305529
1517595572
1339720774
559529227
72527989
1765555298
1970501558
1871334119
772818964
752464424
1445532838
1297859502
587969675
1277563849
843550486
784940737
1234632580
289502746
1709986994
637227875
752986200
1875920522
89048471
1393889109
516161433
594441298
696022838
1489730832
139684298
181649978
1921221457
1564283806
2098387762
609168132
1642824995
440011286
1698037445
611574394
310773405
1476667570
1730320963
2125536527
992559050
1226592655
2118312285
565602356
485763667
1587387136
376736273
1234763066
1634274079
243889550
856396823
1414207711
689681426
2112223120
1402787187
1488781687
721608695
524748899
1454603819
110101944
1389374072
82625863
1146479891
507403810
2015905354
1202526678
1525747652
1017084681
21836645
1996760610
772245419
123660609
1541822321
1116122217
234303037
318019428
36600381
53174391
208855624
412083650
940427368
118723225
1963452517
1205045990
44441122
709447737
1096034442
1540814529
800717837
972076059
1687253692
356679286
758818877
390840371
183180513
925252289
844111198
1078704928
1373006771
234889989
1383434741
434154313
1551587537
1994690288
1659847103
476522899
2034395120
814016717
118170421
907961788
620059950
1132657253
1181389617
907269719
1470875271
1471930003
170217642
1359982180
85551712
1469858147
1812365979
23384715
467914049
432027878
312050179
733521909
1870995616
515612821
861012485
427996872
555093208
25985375
1374902319
466205245
708634681
1804054610
1670694615
1562597471
832048440
1630039522
274516897
1121278817
711074247
783183832
2137756702
1707796124
1156202944
1048731609
1015863951
1786626341
1206328954
110065809
424381639
1385918472
583746942
365005693
654688046
632257059
1345445972
574708051
1808109026
1394069408
1348362102
1484637966
1611378167
1688071952
197042790
1227823513
444764383
635372065
1803964123
837419543
1406999525
1255590908
1542662423
1663755469
1192367571
1527046973
464871252
748577965
1221954740
1281446288
729012828
460512640
247698868
424497892
110347576
1599018671
1329850659
1618906703
74161664
734337197
350485656
1764672126
1107116498
1113370372
48061746
1983872983
1029146077
54509819
1859660794
539044397
200740765
1087064801
836091492
1220942879
1309097505
1466589690
497911029
1918789134
610211463
2077052163
365328894
916865720
61031818
1013275490
987331206
1893268342
2067097650
279889135
1185745734
1501271566
1940516266
601652313
469838797
1288586806
25232430
2106490422
1885993412
1214856358
989078307
419022507
1942095436
569970136
1240523840
32618420
390684547
836274783
1190329834
976574993
1536454694
1141474017
1232752798
215974606
1614673744
1315672499
477567368
1350535021
1023507041
463971343
1867873328
1926286001
1570222842
414751988
1215477076
1977748490
1048877860
48565147
1993959632
1113719704
1360976272
855871377
1682414777
72709341
714239993
1218651254
1155011466
525566468
681356710
1976184656
1481758582
2599368
1029539851
236111756
1429989596
268794371
838507407
1201165715
1283465689
1609605332
1611806313
286408965
885489911
574400107
541126563
406390933
2146118914
1991391604
375548993
701414785
1039705083
949786653
2061374587
653884588
226273062
1533034438
1163565861
1236148057
1328518718
853847364
1958697264
491978118
1960250313
1940756434
10002249
623262691
1935387782
2006757525
1894006687
2096152430
332348418
1184600267
891138498
1640399020
2106468426
780017807
641028775
1772525701
367582906
1843945547
1460953800
626589885
1660181492
931602106
1686602856
1972216331
1013352685
1679410584
704879604
983558616
769267489
457443049
1893012613
1193001365
1117695462
125883619
1359456898
735338937
930437854
1434234490
1188363875
917183062
124147591
2033445510
248140176
850119511
1834767853
1947356050
1245310823
1518757464
226666110
26986051
2064835677
826831906
1118218494
276497507
302105915
1714370497
1379015313
1523633801
1978099850
253405508
198898422
719857255
2086573066
1127424529
1778295507
732265392
1180155995
1347892450
1743365418
1657013668
568472767
1602538336
1227453931
484109113
489413879
239616858
2140544932
1892975591
179657545
1458431394
371307092
1151114000
567146659
442347652
1338971485
602882059
952317146
1523519460
1637271191
721439948
1105844491
226606323
1654077569
1909222705
769822242
218275726
551002514
1692864747
844765561
1356278579
1295986349
1915048455
220561816
1750552992
1280289460
826047000
1780251931
1285932298
30526772
1391161347
1385737649
1253565431
219316798
657520743
1579567424
1574586552
2092146005
17126055
1557852966
1119131271
1904707971
1521245333
1729210267
2048835129
378972294
1637746364
672578354
1673761951
845558568
1725268810
2143096958
103822463
1174637740
213137816
570803665
439174698
643046244
220997720
1981136160
1370941114
1658378336
37093466
1791524866
1094289642
462809152
173138427
895885783
1871038866
155299627
1335248682
645521926
466801085
1818489304
1748976664
60911710
952533096
147109321
208201852
931714462
1098135002
1133752984
1883384704
1631920656
892779163
1596737130
2033347659
1375741008
383212562
744947584
1841443116
898206250
1648097470
371780844
1681420127
1409674657
58152465
829556832
896025984
247099404
1714600420
1974414114
1153413769
805021020
1117610395
2074681371
1525052297
11579768
620630231
1546749199
1036308964
2026346953
1884066257
331828456
708627521
293989585
1719443802
821548331
1843176468
1223754230
1208049772
492740748
1475901895
784020317
1328022891
1274341532
445202823
1230476274
1960453886
469981344
1854536362
1395377027
1321441925
1503355774
1643164600
208642828
1348304950
270714577
1164936477
1480903438
1621079767
810741019
780291177
1191953944
2125697306
2050425114
1234211393
1662726503
76957328
1078895667
750232806
668796329
2093431371
405297675
214405471
2014865886
931516693
1034279733
2076067142
720540247
1852059974
2043519237
1966523181
2115456481
1706026566
1605377155
1047983019
1185022715
1208418720
1453075068
2074426630
1542061890
1493169086
264599218
316124030
862001902
1370748487
1605935155
851514420
1633800821
14647826
614731975
1247624374
1480202317
1976167109
515479938
1338224936
1460814031
551344654
1323042426
114922256
295930423
1483080830
1250753427
529877693
1579672264
1997083133
633506934
462136661
413445900
1368216558
1494294944
975997306
1003254329
1116898016
1401773206
1124994200
1146051247
368139757
1964166455
1619481294
1102107806
1052812723
844589610
1598636919
934831301
532974828
1702944373
1077525588
1064709461
638998701
1123016239
288787800
1253547764
1119062584
1539757134
1513105167
1187968989
620727421
1098144666
48268715
467161892
1136164660
207557827
14779052
240200215
1259297168
987204493
1051612971
1040402881
1327316640
1707998505
1288616132
1695702664
91454791
1771368864
1671863070
1552635894
1017206230
794212968
80494617
1934034580
2095202115
1190332441
1861673106
2087024114
995689993
1373301049
1244846037
1916642500
1424473755
693412915
799857568
829775143
1014637958
175504999
1605659344
405737217
1108846370
2000331355
1244544171
855092869
1173088500
1199929102
473045705
712816854
944262819
1773591149
1973170079
842178755
990811285
1978585311
160461737
51774897
295451174
271670267
1441760052
850802326
600839557
227822169
1378272965
1407034145
46074666
1115746950
37386281
1670708472
130188023
956918545
1980149274
352840473
2019218667
1836577218
1729968267
488526177
344557437
95966187
1274591121
1368084011
359324059
690375126
1243215597
784543761
2090054206
516478813
279656506
1859896782
2041622441
1328669593
991278512
351177284
1152692287
775575986
959465362
457854616
993054463
1388725462
1039316538
2126128251
349531549
482441541
1686627007
1082223236
356222526
1790737544
1725009984
1065942201
294592207
169508545
580073424
767011629
992434178
834426654
136704254
1622161603
1244017126
2090964328
1433278719
659637264
2088878113
926407352
1785463418
58170463
1610229709
1881262920
885757936
667526350
2082169069
390204263
1374386886
601524117
975132043
418109830
1905445105
1608391527
586455151
241301360
1469403965
278035697
1501007229
1634055319
580431418
1779596927
867138988
564333449
1319708611
353644478
926855327
1566827650
32787244
801693596
1925989857
1514385178
426720775
1581783627
27273154
666739999
352968595
742737253
999625160
1065560189
1811166403
317168682
126502100
1538051674
537545446
202796516
289284819
674220351
206789367
1820827755
915704861
480937072
1078171523
494704837
1197439085
817259100
616345395
1450822629
862840189
1687793711
926920181
545741204
1015862590
429129861
872646347
869086061
1323808177
422592314
1397633072
1136882178
1433480293
220917853
371383586
1842846237
1733484429
917515331
2025225425
2087826465
1852995261
1260128951
2126793442
1355822990
662940993
790712143
426695264
1868557475
1434644506
2053458138
343319872
69535261
175219094
1918694901
1742064271
1235014942
224705675
1789305021
601965882
408131881
336081200
1817985950
1133151610
912264778
524613015
1477323082
518059738
875461458
1297966027
609900998
1176607974
295641664
389226370
1418495646
1276874866
1603802300
1143168383
142297145
1880278916
216567484
1939474055
1276288583
808923615
1104943433
315215869
1455998294
1155322924
910022492
1333724188
817468292
1384262599
1710259938
1348752337
2104864335
670876964
784703455
1659677747
919997320
192450269
923204527
889891232
964251495
49615705
1632554599
479060597
672643511
204759834
1811418201
1091036009
733180978
658643362
784184758
320755591
938882023
1114998531
3179086
1254979014
300564439
2109253634
1352419188
1559588422
1791757984
630077159
619354621
20918569
1242746193
1735114468
539381351
2140178700
203506012
1428241439
1167825173
764224289
1131780009
987132510
38449336
547471082
1606800071
1128186958
1319040202
1366318996
39823933
44496240
1866119732
1841821934
746441983
1745674401
1564999696
608154116
1613863164
304598340
1715498632
1337292636
1981774292
902343950
1554194909
1794193100
985481383
635710573
481616772
1898561270
941942537
814555030
1380946795
884857954
1392725777
499414570
1494197081
1774448182
819049105
770473860
1123722867
666619028
746689376
1753213345
824710874
2018671248
1345199826
1426687149
505779058
1046789581
1399002697
1994421542
1289877438
669341107
624455397
8199855
218025959
547171407
151190103
2146808179
1553844956
2122808006
785222355
536208436
1345842322
544308087
1934828579
99878127
619078252
1814356909
1156180953
673065518
216071095
1415446269
215460509
1713172202
1458858060
465692226
1644417188
66437914
7503704
1318513715
940052289
1286437596
1740697657
147388830
1801435541
1399612991
273604478
174404419
34029155
678419371
897585681
1305731920
845163774
262782702
153380977
1447903348
1304647523
808267491
226266135
167070881
1207026531
1846551489
649646330
1129620835
1370373369
920414205
174943534
1965539288
1582595002
262600157
617040040
2002496075
123727210
1779131291
1300154140
1277627761
1554208682
859416626
632950279
706725695
1704174287
681517767
1114007753
530127206
1922777039
1025011383
740855018
303826285
2047916885
1722297913
1895669885
1242239081
1782722548
2013762992
941819041
404506714
976251255
229122448
1425606180
1541932325
674212695
2005565674
1366603331
1308131114
634465350
2001034901
1316441485
741209473
1113028840
2086097659
1680186085
1586281942
564727713
50980989
2084577446
1883650014
1347921801
677395588
1420075489
2057518709
990360700
1584031525
850133441
1158041686
392878671
813658992
354645776
673532534
1480139037
1626493526
1213085138
1853763069
2000673983
242405940
1305268495
1317538786
769284441
1561478400
463058607
1138282529
68648721
2121539343
1436436349
1695172252
714129115
2024634496
47852878
1077171084
95009392
1348139849
1238282555
1157101986
1739929950
119760860
1241117705
150366142
561192248
1154841205
97127082
1405675595
245638893
2033359619
2007900381
1707224117
1244364598
1407476144
367780848
2123303816
126030889
1169267215
1304532901
634680742
625409515
1382551265
2067879731
1506405156
795688066
817563780
1448617059
1110145859
1921138889
2032863225
918259419
643030790
1092080252
227141776
1378000248
863955956
547030387
1349988914
375104468
2109618284
203362284
31655499
27069927
1856859040
494269441
2011345234
654408649
2115064624
206376504
1887996662
227534741
1239709795
387103545
715222758
2040893290
1988464388
1800103578
47495229
1093483915
812103639
1305441495
1028147593
451391654
1416245431
1951439453
1345899383
1514341938
41725005
1201426885
579791900
804989169
1628384111
41567006
1560086754
1780180373
1251987986
652250723
1228754189
605644671
1193726445
2007304972
406777577
465829794
281552045
519155392
1578227090
767833990
1337225166
1387490599
600478047
848646761
136186909
2065564382
688730348
859864704
1413270215
156515716
118234307
905123931
455782940
1818981105
1580254119
970097254
93162470
1517943175
2029420924
90092171
1982119776
1431016352
1314704086
325367797
1544589525
1674829862
727467804
2048170736
513769687
296092226
1838883673
1784813804
1346381080
1572459053
1960282015
1234034337
1803646184
1153042722
549697816
464323148
1467032395
2115762804
1560154794
241082391
1204240566
91786171
889691718
45849238
315096678
606551594
1765718222
856334701
372772189
1427585788
1217383072
1946337296
600683259
326071565
392478404
1955124899
1271942453
582881669
1140621998
502824704
867803252
781216175
895383728
1347354582
1783097612
978327528
1362257663
1763119086
1747274327
1314300338
1015287135
1943948169
1807275374
1534095592
2088905582
862543334
1098842499
60878348
20668811
703201504
1812664286
1493478844
1641543265
1816794291
892368242
1196147524
1719020307
1263612383
1818952731
144009804
1883203590
555628325
1057893751
1419205042
1462185029
1749317038
1890539870
1947087219
1789479317
2079604043
591718911
664376770
241932054
806398679
1848846232
796764475
1568662675
152091321
731508177
1517074481
835033190
338149766
256480438
1737951011
1161232907
1351716035
1349726032
1626068558
1868892991
1025543624
772790751
886426716
446992852
1836093631
2008838581
1810766394
890983444
646357452
486715569
2051328519
1720646096
1263460935
1096697431
168938280
725050372
410202148
1532766345
369716600
1585319208
412197236
983299556
1833442717
1764156437
1007154692
786359226
1827951734
1635494802
1115242787
1196249511
292735920
1482262651
839200130
1280556242
1635264888
1947273357
2096913716
428436674
1501853002
1820560336
1624475604
1000264666
294111208
393058977
1750014149
771177843
364169319
1056723547
561721236
2079392660
1174186084
138719906
1512047739
1956193872
1182363987
899036492
153146111
406503101
1363580151
378452715
682855608
327706508
1427428078
736916987
1187100209
1537561930
843425124
1610292901
304541669
179664946
1672185576
415521070
1795673450
695706028
726631259
1132452095
2051259562
1835157350
1139910148
1606314577
1915674443
594222606
478213825
1695788149
1030543408
1739285929
346085465
1781851837
236171033
1159094675
1402780140
222298634
1062079590
1544885779
2064133515
1086607603
2024156921
1790051738
718837220
416772239
672603704
246499225
1730592022
832252896
85441074
1562178300
991544995
163441628
1932225497
286488134
1306660483
374201881
943609709
1956976458
356624213
441424916
105845498
1944548483
1175013809
109821213
1724252920
800686609
1766565528
2039700707
8036112
681581648
2046177037
867319960
837353726
977988119
958235325
252044480
1268662161
2001922186
1757206489
1272667548
965228496
1447008925
806014469
1365939245
1019053623
2054518309
2130394728
430180839
2090635807
1560266908
1999420132
1554967796
837594427
869395825
544837216
545777441
656042302
767512586
1640968256
126726505
634938778
61297495
1357659382
877598236
1988097892
1271519508
341058994
1111403436
480324947
344638107
1128851765
2091594260
1818743272
867591523
1393444803
69213414
502476199
742296857
876545079
2092987375
949513091
101139801
1974723632
2129056904
610509143
1129596169
361054569
284687740
438935185
291206482
254484007
847376273
37536489
1259253308
885837515
1679314101
1903771471
100033254
814770823
1434402759
939606755
580425566
843797805
524343038
1523037726
805509667
1232622627
1381849850
420496910
1782946612
1206698099
252038245
1802871230
2107103956
109938687
1524126277
1592978356
624019933
324915154
579404514
301695379
1360991678
852240785
1188958542
1945918433
1865759251
1245736464
135072150
584345571
812306911
112946945
494364036
1241865637
1992327785
2029703623
1025467405
1253356566
1146583472
2082899304
1116908894
36468047
1742150283
699557281
790031742
1887818996
1417875554
737525012
1430073247
2124647091
117220483
304314525
54748167
130028266
1983762210
1860763074
1316493974
800331621
1619664368
740734536
1288379379
1843094084
91826774
1897169634
1769352023
155376891
713029966
1708484357
1490279157
732970356
840580830
589357015
1252982021
238822223
1149902643
1667070021
1345575788
1438746441
1941219158
1936673844
1003814922
1131511482
596301709
498486479
948434847
1284011320
290634064
2086877183
660281690
596778586
1805753062
2122798329
1563163904
1207665047
445655709
1546790896
1188489654
1510384204
88263586
1924230892
1530013547
1739154908
854335106
901437875
875347172
446265841
395663166
1242304227
1914094693
1927355617
1742183172
1761914913
1041375481
1609878061
65748880
470232940
1435303519
176155939
1973773855
1697146763
85206417
857660323
1137314827
1308821925
190959601
1209957118
1595951880
209916399
2129543955
1514017018
1687692025
1095669119
1662132001
611705586
254592880
2134137664
178186735
1829594394
1235487425
467522046
1263599772
16112609
1669013697
1057559969
1078376929
1368027503
1591382816
266917239
878387961
1453646158
2062475616
51580330
478109997
193330213
2082530929
2076485072
1284792827
1451451806
1912651243
944711329
259466210
367005289
1659339495
879155396
931955149
902499418
1526719099
400211650
1421740826
744002222
2099977167
1243937820
1713902149
1921182827
934782944
1784241015
1230093365
16612069
1454924497
408995317
1900706339
318888540
94286057
55287200
974452771
1348431555
791132462
1978797312
1191062097
1024965276
223637403
909671884
1568653977
601227774
2091239680
1698662589
481818914
2142690232
433197687
44683389
1475686744
1362915984
1161692798
806836671
1878173076
1276532900
55826870
1931285096
1254876011
1806692082
1442584887
1819826666
1761575568
1634108147
362796174
774470834
45490278
1626891362
349777236
2090677432
847858214
1481659674
1223624300
3957043
1658232746
1801770269
1946823896
901400431
1256593620
161017009
140375096
795659958
644806557
1342453412
1793319137
1979664747
2062913726
1029835953
1483315606
973569335
62174452
356767739
1244265190
328055898
2028479732
1721804726
463324705
865337891
519707115
1981566949
1195247096
859120763
1273793712
679637565
1933173424
1261718683
368543113
1377170217
860045315
1055262942
1214275223
26967271
1295064723
559901104
933397215
982373071
15489803
1626127270
1925239797
987027124
411763925
1914212520
1033863239
29639267
2101880433
438626889
1111012355
506804041
1422489977
1004762935
284896934
1482548785
1971462190
1047983566
440952611
62697770
1083776701
1926688199
1282967724
304105862
1831595540
1544557325
1705325087
1890348031
1337008732
2051982256
1264615952
450034933
105168658
1323709170
51157359
1471375059
1197961925
249426815
610295510
2018393231
1305711726
54047418
795405426
2123973199
1830706279
2101483315
1956885131
1860181545
1166635786
786355253
1195636913
673190659
290492135
2050565243
1475807109
2035369882
1015053473
307559938
472180001
1593195422
1973455461
708473081
1465921061
1173499129
1456271624
530170837
823539039
548491056
334525629
1731460737
2017014806
1312413410
87365488
906737331
2083583219
770374510
673666753
361566042
1786446733
1721708722
604311456
2006514995
1235880591
1857616622
233357697
1624179323
495233672
1349902022
26446652
347190207
259961679
685313894
119790469
58030031
1061964305
1740086464
715943683
1234048209
1736254969
923403249
1476318734
1283898481
1518775674
2059609025
213277706
679045430
417340
120239945
1346619995
1756724976
1827834272
842635439
1124606211
837992525
579211250
1591225869
1511259871
200067980
1737778218
725844592
1048777595
613707849
1899872863
1147383036
2034668685
1934053494
391127753
111560749
1680298261
1540578922
882905969
1813633848
1316461583
1452468755
1961706103
858994576
1089923281
96931656
2065244928
804514948
745313031
1134655289
1345500858
574165765
119336009
1833664264
1824597517
1642845062
504580438
80213360
845639903
1623271420
837642480
250462627
118891012
927759365
1593847379
520938802
824479553
1082191141
1811106131
741632806
2071580667
494341419
1072760337
598144556
990262401
1334388914
601955929
301252588
634431475
2125870019
1014564508
59571066
745014989
1440456344
584700037
1267051749
2134840340
1473803387
647716153
1257777134
855267099
1815103181
1881553200
96569299
329370610
2104133155
1085873067
635015752
865923180
2136148875
1544332241
1911003015
1459509196
294302700
1708625258
1298399614
109874955
933433227
757020471
160326695
1120451529
1903052714
2078536939
32178422
1922039758
1146911819
553010890
704106347
1635470139
1272052754
1530507485
2071477447
1483859793
1987434568
988515279
372765915
1637721053
531527420
441436520
1184376315
2092183871
1727653188
957040291
213897746
1878511894
346672033
1142089069
1375657680
1309288331
417793664
2031110141
1039972094
1934530358
1960772829
1796253642
80113393
1808150960
515714818
484434478
383614493
1386604214
162838382
1262056597
203898817
134757366
1208178640
1469760097
2066648256
832993146
1000053810
1067294302
715907216
236570286
992837171
2046276061
954047307
90409999
380514925
959118191
838931171
906272114
611068405
373112639
777405811
241032430
1011509760
521134861
1940070064
1662072424
1242463138
1775194051
1397252734
591440825
1407079858
285774517
1539927711
1400486270
1665123018
602249338
206120326
1249246843
994108779
1736178529
353465418
1144958892
2114559037
513802130
1860175286
1733231338
152021107
82638531
42587261
1017797175
363042893
827188627
1555066506
975018406
